{
  "rgb_000000.exr": {
    "K": [
      811.9282694049824,
      0.0,
      256.0,
      0.0,
      0.0,
      811.9282694049824,
      256.0,
      0.0,
      0.0,
      0.0,
      1.0,
      0.0,
      0.0,
      0.0,
      0.0,
      1.0
    ],
    "W2C": [
      -0.2969305486281682,
      -5.313323529090266e-19,
      -0.954899078066041,
      -1.4314293650917604e-16,
      0.10216599497322341,
      -0.994259945405137,
      -0.031769016889179415,
      2.7505619209921505e-17,
      -0.9494179052253576,
      -0.1069914060239124,
      0.2952261510681599,
      2.908946789642877,
      0.0,
      0.0,
      0.0,
      1.0
    ],
    "img_size": [
      512,
      512
    ]
  },
  "rgb_000001.exr": {
    "K": [
      811.9282694049824,
      0.0,
      256.0,
      0.0,
      0.0,
      811.9282694049824,
      256.0,
      0.0,
      0.0,
      0.0,
      1.0,
      0.0,
      0.0,
      0.0,
      0.0,
      1.0
    ],
    "W2C": [
      -0.9999725011800498,
      8.867009590431988e-19,
      0.007415988384255376,
      -1.1492337125544285e-18,
      -0.004448868111895876,
      -0.8000733037554315,
      -0.5998857526149394,
      1.0856352639423724e-17,
      0.0059333343272031025,
      -0.5999022492188784,
      0.8000513026837044,
      2.9089467896428776,
      0.0,
      0.0,
      0.0,
      1.0
    ],
    "img_size": [
      512,
      512
    ]
  },
  "rgb_000002.exr": {
    "K": [
      811.9282694049824,
      0.0,
      256.0,
      0.0,
      0.0,
      811.9282694049824,
      256.0,
      0.0,
      0.0,
      0.0,
      1.0,
      0.0,
      0.0,
      0.0,
      0.0,
      1.0
    ],
    "W2C": [
      0.9315780195796954,
      -5.2631149171123645e-18,
      -0.36354146040853796,
      -2.3897109479044304e-17,
      0.1534535368462858,
      -0.9065458354033646,
      0.3932259660070547,
      7.181526952552683e-17,
      -0.3295669969298173,
      -0.4221073895501187,
      -0.8445181740032871,
      2.9089467896428776,
      0.0,
      0.0,
      0.0,
      1.0
    ],
    "img_size": [
      512,
      512
    ]
  },
  "rgb_000003.exr": {
    "K": [
      811.9282694049824,
      0.0,
      256.0,
      0.0,
      0.0,
      811.9282694049824,
      256.0,
      0.0,
      0.0,
      0.0,
      1.0,
      0.0,
      0.0,
      0.0,
      0.0,
      1.0
    ],
    "W2C": [
      0.8434093111115956,
      9.434888884478169e-19,
      0.5372715644162305,
      9.303147672519529e-17,
      -0.00728888341786511,
      -0.9999079710885574,
      0.011442094742002378,
      3.7956846436645104e-18,
      0.5372221198990084,
      -0.013566479040789746,
      -0.8433316930707934,
      2.9089467896428767,
      0.0,
      0.0,
      0.0,
      1.0
    ],
    "img_size": [
      512,
      512
    ]
  },
  "rgb_000004.exr": {
    "K": [
      811.9282694049824,
      0.0,
      256.0,
      0.0,
      0.0,
      811.9282694049824,
      256.0,
      0.0,
      0.0,
      0.0,
      1.0,
      0.0,
      0.0,
      0.0,
      0.0,
      1.0
    ],
    "W2C": [
      -0.5612850029887629,
      -3.9500924244487366e-18,
      0.8276225863398753,
      2.4490664622111244e-16,
      -0.012235482471531955,
      -0.999890712305013,
      -0.00829797655230073,
      5.579882547673913e-18,
      0.8275321373750949,
      -0.014783891442164283,
      0.5612236614445556,
      2.908946789642877,
      0.0,
      0.0,
      0.0,
      1.0
    ],
    "img_size": [
      512,
      512
    ]
  },
  "rgb_000005.exr": {
    "K": [
      811.9282694049824,
      0.0,
      256.0,
      0.0,
      0.0,
      811.9282694049824,
      256.0,
      0.0,
      0.0,
      0.0,
      1.0,
      0.0,
      0.0,
      0.0,
      0.0,
      1.0
    ],
    "W2C": [
      0.25465759849539,
      -2.4976568372369804e-17,
      0.9670312857030846,
      -5.310734595677344e-19,
      -0.48417634092119255,
      -0.8656305852676955,
      0.12750278719021052,
      -1.0520449693929788e-17,
      0.8370918578153332,
      -0.5006832230553636,
      -0.2204394060284302,
      2.9089467896428776,
      0.0,
      0.0,
      0.0,
      1.0
    ],
    "img_size": [
      512,
      512
    ]
  },
  "rgb_000006.exr": {
    "K": [
      811.9282694049824,
      0.0,
      256.0,
      0.0,
      0.0,
      811.9282694049824,
      256.0,
      0.0,
      0.0,
      0.0,
      1.0,
      0.0,
      0.0,
      0.0,
      0.0,
      1.0
    ],
    "W2C": [
      -0.2445272259234454,
      1.3286908290792123e-17,
      0.9696424267647245,
      -6.571616556240393e-18,
      -0.7858533619707974,
      -0.5857983176525664,
      -0.19817876908139756,
      -2.270390423624019e-16,
      0.5680149023233275,
      -0.8104568656229788,
      0.14324363756620337,
      2.908946789642878,
      0.0,
      0.0,
      0.0,
      1.0
    ],
    "img_size": [
      512,
      512
    ]
  },
  "rgb_000007.exr": {
    "K": [
      811.9282694049824,
      0.0,
      256.0,
      0.0,
      0.0,
      811.9282694049824,
      256.0,
      0.0,
      0.0,
      0.0,
      1.0,
      0.0,
      0.0,
      0.0,
      0.0,
      1.0
    ],
    "W2C": [
      0.9033147785402829,
      5.769707800528014e-17,
      0.42897833380104383,
      -2.9335795211108526e-17,
      -0.2538123519042233,
      -0.8061824133871991,
      0.5344616042018715,
      -1.0031695630670591e-16,
      0.345834788434545,
      -0.5916670654558958,
      -0.7282364882119285,
      2.908946789642877,
      0.0,
      0.0,
      0.0,
      1.0
    ],
    "img_size": [
      512,
      512
    ]
  },
  "rgb_000008.exr": {
    "K": [
      811.9282694049824,
      0.0,
      256.0,
      0.0,
      0.0,
      811.9282694049824,
      256.0,
      0.0,
      0.0,
      0.0,
      1.0,
      0.0,
      0.0,
      0.0,
      0.0,
      1.0
    ],
    "W2C": [
      -0.9738112886762088,
      -1.8231924542809476e-17,
      0.22735781061309854,
      -2.4817174657818972e-17,
      -0.11819639119090175,
      -0.8542456927493595,
      -0.5062547871661205,
      -1.2212243246776306e-16,
      0.19421943042916404,
      -0.5198694994122723,
      0.8318740989023545,
      2.908946789642877,
      0.0,
      0.0,
      0.0,
      1.0
    ],
    "img_size": [
      512,
      512
    ]
  },
  "rgb_000009.exr": {
    "K": [
      811.9282694049824,
      0.0,
      256.0,
      0.0,
      0.0,
      811.9282694049824,
      256.0,
      0.0,
      0.0,
      0.0,
      1.0,
      0.0,
      0.0,
      0.0,
      0.0,
      1.0
    ],
    "W2C": [
      0.7958405035759456,
      2.346168317256748e-17,
      -0.6055063111710606,
      4.106583709187089e-16,
      -0.1184731348680162,
      -0.9806718681730633,
      -0.15571385066364146,
      1.131226928947311e-16,
      -0.5938030053667042,
      0.19565962019270608,
      -0.7804583934096141,
      2.9089467896428776,
      0.0,
      0.0,
      0.0,
      1.0
    ],
    "img_size": [
      512,
      512
    ]
  },
  "rgb_000010.exr": {
    "K": [
      811.9282694049824,
      0.0,
      256.0,
      0.0,
      0.0,
      811.9282694049824,
      256.0,
      0.0,
      0.0,
      0.0,
      1.0,
      0.0,
      0.0,
      0.0,
      0.0,
      1.0
    ],
    "W2C": [
      0.8094082798918943,
      7.838352211166644e-18,
      -0.5872463166699684,
      5.2288347664021756e-17,
      0.36358976124421505,
      -0.7852778370278578,
      0.501139904808252,
      -1.2738237773782655e-16,
      -0.46115151735716925,
      -0.6191435364056135,
      -0.6356103833059457,
      2.9089467896428776,
      0.0,
      0.0,
      0.0,
      1.0
    ],
    "img_size": [
      512,
      512
    ]
  },
  "rgb_000011.exr": {
    "K": [
      811.9282694049824,
      0.0,
      256.0,
      0.0,
      0.0,
      811.9282694049824,
      256.0,
      0.0,
      0.0,
      0.0,
      1.0,
      0.0,
      0.0,
      0.0,
      0.0,
      1.0
    ],
    "W2C": [
      0.7610100962622565,
      -8.043732080984192e-18,
      -0.6487400352891064,
      -4.989650388823162e-16,
      -0.027747498248729324,
      -0.9990848863586171,
      -0.032549442249069825,
      -2.1516203497661203e-17,
      -0.6481463644331023,
      0.04277136717231247,
      -0.7603136855419368,
      2.908946789642877,
      0.0,
      0.0,
      0.0,
      1.0
    ],
    "img_size": [
      512,
      512
    ]
  },
  "rgb_000012.exr": {
    "K": [
      811.9282694049824,
      0.0,
      256.0,
      0.0,
      0.0,
      811.9282694049824,
      256.0,
      0.0,
      0.0,
      0.0,
      1.0,
      0.0,
      0.0,
      0.0,
      0.0,
      1.0
    ],
    "W2C": [
      -0.5638767999074678,
      -7.087266628962073e-17,
      0.825858919262917,
      -1.885857863208789e-16,
      -0.5806440913063362,
      -0.7111117153634315,
      -0.39644995586317927,
      -4.429373196872711e-16,
      0.5872779527252429,
      -0.7030790341582359,
      0.400979398435842,
      2.908946789642878,
      0.0,
      0.0,
      0.0,
      1.0
    ],
    "img_size": [
      512,
      512
    ]
  },
  "rgb_000013.exr": {
    "K": [
      811.9282694049824,
      0.0,
      256.0,
      0.0,
      0.0,
      811.9282694049824,
      256.0,
      0.0,
      0.0,
      0.0,
      1.0,
      0.0,
      0.0,
      0.0,
      0.0,
      1.0
    ],
    "W2C": [
      -0.9524151453655627,
      1.3965278931885476e-17,
      0.30480385640325175,
      -4.02478451316431e-17,
      -0.22942585600234222,
      -0.6583636860823148,
      -0.7168828589425886,
      1.518960699843067e-16,
      0.20067179043374944,
      -0.752699977978017,
      0.6270355457834955,
      2.9089467896428776,
      0.0,
      0.0,
      0.0,
      1.0
    ],
    "img_size": [
      512,
      512
    ]
  },
  "rgb_000014.exr": {
    "K": [
      811.9282694049824,
      0.0,
      256.0,
      0.0,
      0.0,
      811.9282694049824,
      256.0,
      0.0,
      0.0,
      0.0,
      1.0,
      0.0,
      0.0,
      0.0,
      0.0,
      1.0
    ],
    "W2C": [
      -0.32230301493536956,
      2.9727501258513853e-17,
      -0.946636554630958,
      8.422462607097882e-17,
      -0.2616110897666539,
      -0.9610546087997458,
      0.08907118847231839,
      8.33071966070259e-17,
      -0.9097694236863948,
      0.27635853325846044,
      0.3097507979336903,
      2.9089467896428784,
      0.0,
      0.0,
      0.0,
      1.0
    ],
    "img_size": [
      512,
      512
    ]
  },
  "rgb_000015.exr": {
    "K": [
      811.9282694049824,
      0.0,
      256.0,
      0.0,
      0.0,
      811.9282694049824,
      256.0,
      0.0,
      0.0,
      0.0,
      1.0,
      0.0,
      0.0,
      0.0,
      0.0,
      1.0
    ],
    "W2C": [
      -0.17218267899359152,
      3.7524537552928e-18,
      -0.9850650359517334,
      -7.700860974863892e-17,
      0.6810980413442895,
      -0.7224487823173987,
      -0.11905131248785276,
      2.1292636882626838e-16,
      -0.7116590357267742,
      -0.6914244405053295,
      0.12439316677506772,
      2.9089467896428767,
      0.0,
      0.0,
      0.0,
      1.0
    ],
    "img_size": [
      512,
      512
    ]
  },
  "rgb_000016.exr": {
    "K": [
      811.9282694049824,
      0.0,
      256.0,
      0.0,
      0.0,
      811.9282694049824,
      256.0,
      0.0,
      0.0,
      0.0,
      1.0,
      0.0,
      0.0,
      0.0,
      0.0,
      1.0
    ],
    "W2C": [
      -0.9400994782669905,
      -3.51978632967548e-17,
      -0.3409002360840079,
      1.5733270625817234e-17,
      0.24564863416652177,
      -0.6933634483360795,
      -0.6774244437895809,
      3.0554094265608826e-17,
      -0.2363677632297913,
      -0.7205880435529726,
      0.6518306160301496,
      2.908946789642877,
      0.0,
      0.0,
      0.0,
      1.0
    ],
    "img_size": [
      512,
      512
    ]
  },
  "rgb_000017.exr": {
    "K": [
      811.9282694049824,
      0.0,
      256.0,
      0.0,
      0.0,
      811.9282694049824,
      256.0,
      0.0,
      0.0,
      0.0,
      1.0,
      0.0,
      0.0,
      0.0,
      0.0,
      1.0
    ],
    "W2C": [
      -0.7193470824732316,
      -8.589960637658322e-18,
      -0.6946508295087896,
      4.573190322980299e-16,
      0.07402968983263557,
      -0.9943050863241585,
      -0.0766615962082153,
      6.303936905610144e-17,
      -0.6906948529998854,
      -0.10657108102063935,
      0.715250462935578,
      2.908946789642877,
      0.0,
      0.0,
      0.0,
      1.0
    ],
    "img_size": [
      512,
      512
    ]
  },
  "rgb_000018.exr": {
    "K": [
      811.9282694049824,
      0.0,
      256.0,
      0.0,
      0.0,
      811.9282694049824,
      256.0,
      0.0,
      0.0,
      0.0,
      1.0,
      0.0,
      0.0,
      0.0,
      0.0,
      1.0
    ],
    "W2C": [
      -0.993564504653866,
      2.0923413966119258e-18,
      -0.11326771425219907,
      1.9837872586849885e-17,
      -0.020222493142435766,
      -0.983933174345588,
      0.17738815967622745,
      -3.609614747998191e-17,
      -0.11144786163503524,
      0.17853713457489628,
      0.97760107698118,
      2.908946789642877,
      0.0,
      0.0,
      0.0,
      1.0
    ],
    "img_size": [
      512,
      512
    ]
  },
  "rgb_000019.exr": {
    "K": [
      811.9282694049824,
      0.0,
      256.0,
      0.0,
      0.0,
      811.9282694049824,
      256.0,
      0.0,
      0.0,
      0.0,
      1.0,
      0.0,
      0.0,
      0.0,
      0.0,
      1.0
    ],
    "W2C": [
      -0.9780469376259134,
      -2.3572663696248594e-17,
      -0.2083847110528324,
      1.359419102672446e-17,
      0.139274100169987,
      -0.7438461751292654,
      -0.6536785087238244,
      1.4621880675474925e-16,
      -0.1550061702720665,
      -0.6683508567702764,
      0.7275164736499269,
      2.908946789642878,
      0.0,
      0.0,
      0.0,
      1.0
    ],
    "img_size": [
      512,
      512
    ]
  },
  "rgb_000020.exr": {
    "K": [
      811.9282694049824,
      0.0,
      256.0,
      0.0,
      0.0,
      811.9282694049824,
      256.0,
      0.0,
      0.0,
      0.0,
      1.0,
      0.0,
      0.0,
      0.0,
      0.0,
      1.0
    ],
    "W2C": [
      0.5591858812765895,
      3.848152447028276e-17,
      -0.8290423090415373,
      1.2532369078862753e-16,
      0.6507903920049544,
      -0.6195077159882533,
      0.4389556418421518,
      1.6783482742772336e-16,
      -0.5135981073319504,
      -0.7849905667146693,
      -0.3464199681225386,
      2.908946789642878,
      0.0,
      0.0,
      0.0,
      1.0
    ],
    "img_size": [
      512,
      512
    ]
  },
  "rgb_000021.exr": {
    "K": [
      811.9282694049824,
      0.0,
      256.0,
      0.0,
      0.0,
      811.9282694049824,
      256.0,
      0.0,
      0.0,
      0.0,
      1.0,
      0.0,
      0.0,
      0.0,
      0.0,
      1.0
    ],
    "W2C": [
      -0.5963601784264362,
      -6.850673232654307e-17,
      -0.8027169722805101,
      -1.3403111251184372e-17,
      0.6216218672969971,
      -0.6326996127328965,
      -0.46181972039513136,
      -1.3347242478591285e-16,
      -0.507878717496002,
      -0.77439731407569,
      0.37731685393972725,
      2.9089467896428767,
      0.0,
      0.0,
      0.0,
      1.0
    ],
    "img_size": [
      512,
      512
    ]
  },
  "rgb_000022.exr": {
    "K": [
      811.9282694049824,
      0.0,
      256.0,
      0.0,
      0.0,
      811.9282694049824,
      256.0,
      0.0,
      0.0,
      0.0,
      1.0,
      0.0,
      0.0,
      0.0,
      0.0,
      1.0
    ],
    "W2C": [
      -0.3701219255315757,
      -2.3369253823375022e-17,
      -0.9289831861991897,
      -2.2280504902246834e-16,
      0.6283389947156184,
      -0.7365594226706783,
      -0.25034041742156354,
      4.035187434430218e-16,
      -0.6842513192976425,
      -0.6763728386585588,
      0.2726167917872972,
      2.908946789642877,
      0.0,
      0.0,
      0.0,
      1.0
    ],
    "img_size": [
      512,
      512
    ]
  },
  "rgb_000023.exr": {
    "K": [
      811.9282694049824,
      0.0,
      256.0,
      0.0,
      0.0,
      811.9282694049824,
      256.0,
      0.0,
      0.0,
      0.0,
      1.0,
      0.0,
      0.0,
      0.0,
      0.0,
      1.0
    ],
    "W2C": [
      0.9410153858166959,
      -4.351400273670678e-18,
      -0.3383637741488515,
      -1.0039645720615254e-17,
      0.16008489008095744,
      -0.8810008171738126,
      0.4452082525143061,
      -8.302677221084081e-17,
      -0.29809876152715353,
      -0.47311474310052354,
      -0.8290353238776397,
      2.9089467896428776,
      0.0,
      0.0,
      0.0,
      1.0
    ],
    "img_size": [
      512,
      512
    ]
  },
  "rgb_000024.exr": {
    "K": [
      811.9282694049824,
      0.0,
      256.0,
      0.0,
      0.0,
      811.9282694049824,
      256.0,
      0.0,
      0.0,
      0.0,
      1.0,
      0.0,
      0.0,
      0.0,
      0.0,
      1.0
    ],
    "W2C": [
      -0.9532969805638978,
      1.4431991069847282e-18,
      0.3020345457853383,
      1.703527497107816e-16,
      -0.03917840034188409,
      -0.9915513239470828,
      -0.12365688385786863,
      -3.910657150539421e-17,
      0.29948275375120803,
      -0.12971496435950386,
      0.9452428831928894,
      2.908946789642878,
      0.0,
      0.0,
      0.0,
      1.0
    ],
    "img_size": [
      512,
      512
    ]
  },
  "rgb_000025.exr": {
    "K": [
      811.9282694049824,
      0.0,
      256.0,
      0.0,
      0.0,
      811.9282694049824,
      256.0,
      0.0,
      0.0,
      0.0,
      1.0,
      0.0,
      0.0,
      0.0,
      0.0,
      1.0
    ],
    "W2C": [
      0.7757246463110538,
      2.827456253379408e-17,
      -0.6310715277253367,
      -2.4532890200146144e-16,
      0.07712735155088157,
      -0.9925034648965558,
      0.0948063490019403,
      5.710032091831118e-17,
      -0.6263406778649596,
      -0.12221649712019642,
      -0.7699093992693762,
      2.908946789642877,
      0.0,
      0.0,
      0.0,
      1.0
    ],
    "img_size": [
      512,
      512
    ]
  },
  "rgb_000026.exr": {
    "K": [
      811.9282694049824,
      0.0,
      256.0,
      0.0,
      0.0,
      811.9282694049824,
      256.0,
      0.0,
      0.0,
      0.0,
      1.0,
      0.0,
      0.0,
      0.0,
      0.0,
      1.0
    ],
    "W2C": [
      -0.040745334180906125,
      -3.08232562803668e-18,
      -0.9991695640593173,
      -2.608997609910792e-18,
      0.4599707790442872,
      -0.8877359113952689,
      -0.018757239791682232,
      4.478798120893871e-17,
      -0.8869987035886115,
      -0.4603530727813286,
      0.036171096374191504,
      2.908946789642877,
      0.0,
      0.0,
      0.0,
      1.0
    ],
    "img_size": [
      512,
      512
    ]
  },
  "rgb_000027.exr": {
    "K": [
      811.9282694049824,
      0.0,
      256.0,
      0.0,
      0.0,
      811.9282694049824,
      256.0,
      0.0,
      0.0,
      0.0,
      1.0,
      0.0,
      0.0,
      0.0,
      0.0,
      1.0
    ],
    "W2C": [
      0.546730874460851,
      2.6335367130782756e-18,
      -0.8373083965369468,
      -1.0029843961482058e-16,
      0.08105765996573532,
      -0.9953031320852987,
      0.052927601703396145,
      -1.1493971615014239e-17,
      -0.8333756695945426,
      -0.09680741325536033,
      -0.5441629517586195,
      2.9089467896428776,
      0.0,
      0.0,
      0.0,
      1.0
    ],
    "img_size": [
      512,
      512
    ]
  },
  "rgb_000028.exr": {
    "K": [
      811.9282694049824,
      0.0,
      256.0,
      0.0,
      0.0,
      811.9282694049824,
      256.0,
      0.0,
      0.0,
      0.0,
      1.0,
      0.0,
      0.0,
      0.0,
      0.0,
      1.0
    ],
    "W2C": [
      -0.8801809165826665,
      1.0730304006933455e-18,
      0.4746383403010098,
      -1.5001246418396707e-16,
      -0.02484928157831333,
      -0.9986285816777954,
      -0.046081113932240965,
      1.549444965923513e-17,
      0.47398741258470023,
      -0.052354138864033235,
      0.87897382034681,
      2.9089467896428767,
      0.0,
      0.0,
      0.0,
      1.0
    ],
    "img_size": [
      512,
      512
    ]
  },
  "rgb_000029.exr": {
    "K": [
      811.9282694049824,
      0.0,
      256.0,
      0.0,
      0.0,
      811.9282694049824,
      256.0,
      0.0,
      0.0,
      0.0,
      1.0,
      0.0,
      0.0,
      0.0,
      0.0,
      1.0
    ],
    "W2C": [
      0.04219915019836851,
      6.836106600270158e-19,
      -0.9991092191159762,
      3.3342529791088554e-18,
      0.6739909576483041,
      -0.7381909016793071,
      0.028467203695016142,
      -4.0557718841005814e-17,
      -0.7375333353353308,
      -0.6745918711916795,
      -0.031151028735034156,
      2.9089467896428776,
      0.0,
      0.0,
      0.0,
      1.0
    ],
    "img_size": [
      512,
      512
    ]
  },
  "rgb_000030.exr": {
    "K": [
      811.9282694049824,
      0.0,
      256.0,
      0.0,
      0.0,
      811.9282694049824,
      256.0,
      0.0,
      0.0,
      0.0,
      1.0,
      0.0,
      0.0,
      0.0,
      0.0,
      1.0
    ],
    "W2C": [
      -0.6218268077920929,
      -9.109914158923302e-19,
      -0.7831547874533461,
      3.2406946267283835e-16,
      -0.12016304751075972,
      -0.9881588036280302,
      0.09540975225492894,
      4.4248567176749906e-17,
      -0.7738812978254629,
      0.15343460760995223,
      0.6144636344516715,
      2.908946789642878,
      0.0,
      0.0,
      0.0,
      1.0
    ],
    "img_size": [
      512,
      512
    ]
  },
  "rgb_000031.exr": {
    "K": [
      811.9282694049824,
      0.0,
      256.0,
      0.0,
      0.0,
      811.9282694049824,
      256.0,
      0.0,
      0.0,
      0.0,
      1.0,
      0.0,
      0.0,
      0.0,
      0.0,
      1.0
    ],
    "W2C": [
      0.08826354490960406,
      -5.255829623817689e-18,
      -0.9960971572291483,
      -1.8813373152630076e-17,
      0.7233047656172714,
      -0.6875481693293274,
      0.06409158203099279,
      -1.4510010653004046e-16,
      -0.6848647769270476,
      -0.7261387710705793,
      -0.06068543872111511,
      2.9089467896428776,
      0.0,
      0.0,
      0.0,
      1.0
    ],
    "img_size": [
      512,
      512
    ]
  },
  "rgb_000032.exr": {
    "K": [
      811.9282694049824,
      0.0,
      256.0,
      0.0,
      0.0,
      811.9282694049824,
      256.0,
      0.0,
      0.0,
      0.0,
      1.0,
      0.0,
      0.0,
      0.0,
      0.0,
      1.0
    ],
    "W2C": [
      0.8188181614791815,
      -4.473549748349436e-17,
      -0.5740529752835126,
      -2.05089680446809e-16,
      -0.1530438730155178,
      -0.9638066124744997,
      -0.2182988471862359,
      -6.723757326900937e-17,
      -0.55327605348891,
      0.2666023513595285,
      -0.7891823584478477,
      2.908946789642877,
      0.0,
      0.0,
      0.0,
      1.0
    ],
    "img_size": [
      512,
      512
    ]
  },
  "rgb_000033.exr": {
    "K": [
      811.9282694049824,
      0.0,
      256.0,
      0.0,
      0.0,
      811.9282694049824,
      256.0,
      0.0,
      0.0,
      0.0,
      1.0,
      0.0,
      0.0,
      0.0,
      0.0,
      1.0
    ],
    "W2C": [
      -0.31124930786696886,
      6.951868727480625e-18,
      -0.9503282950393157,
      -1.0601584552954078e-16,
      0.24489440966728793,
      -0.9662264360771605,
      -0.08020724617725909,
      1.9002407258863916e-16,
      -0.9182323216191223,
      -0.2576945366623609,
      0.30073730947178423,
      2.9089467896428767,
      0.0,
      0.0,
      0.0,
      1.0
    ],
    "img_size": [
      512,
      512
    ]
  },
  "rgb_000034.exr": {
    "K": [
      811.9282694049824,
      0.0,
      256.0,
      0.0,
      0.0,
      811.9282694049824,
      256.0,
      0.0,
      0.0,
      0.0,
      1.0,
      0.0,
      0.0,
      0.0,
      0.0,
      1.0
    ],
    "W2C": [
      -0.026129281300080635,
      1.8951342974579808e-19,
      -0.9996585720428456,
      5.0393681394138614e-18,
      -0.07287377609718527,
      -0.9973393527447768,
      0.0019047897435133829,
      -9.396973990511023e-19,
      -0.9969988332069796,
      0.07289866573970807,
      0.026059760499508623,
      2.9089467896428776,
      0.0,
      0.0,
      0.0,
      1.0
    ],
    "img_size": [
      512,
      512
    ]
  },
  "rgb_000035.exr": {
    "K": [
      811.9282694049824,
      0.0,
      256.0,
      0.0,
      0.0,
      811.9282694049824,
      256.0,
      0.0,
      0.0,
      0.0,
      1.0,
      0.0,
      0.0,
      0.0,
      0.0,
      1.0
    ],
    "W2C": [
      0.94596904516457,
      -1.0198509367248628e-17,
      -0.32425694378136544,
      1.5351103023126852e-16,
      0.14824740857764065,
      -0.8893684513954376,
      0.4324886859936285,
      -2.3578836346702157e-16,
      -0.2883838959450505,
      -0.4571911609627654,
      -0.8413150247660345,
      2.908946789642878,
      0.0,
      0.0,
      0.0,
      1.0
    ],
    "img_size": [
      512,
      512
    ]
  },
  "rgb_000036.exr": {
    "K": [
      811.9282694049824,
      0.0,
      256.0,
      0.0,
      0.0,
      811.9282694049824,
      256.0,
      0.0,
      0.0,
      0.0,
      1.0,
      0.0,
      0.0,
      0.0,
      0.0,
      1.0
    ],
    "W2C": [
      0.4596089901959138,
      1.788363366266743e-17,
      0.8881213746617588,
      -4.080267271725439e-17,
      -0.39185740013470677,
      -0.8973987004169035,
      0.20278893078696625,
      -3.814312108865404e-18,
      0.7969989674339363,
      -0.4412205485809253,
      -0.41245251050173853,
      2.908946789642878,
      0.0,
      0.0,
      0.0,
      1.0
    ],
    "img_size": [
      512,
      512
    ]
  },
  "rgb_000037.exr": {
    "K": [
      811.9282694049824,
      0.0,
      256.0,
      0.0,
      0.0,
      811.9282694049824,
      256.0,
      0.0,
      0.0,
      0.0,
      1.0,
      0.0,
      0.0,
      0.0,
      0.0,
      1.0
    ],
    "W2C": [
      -0.01447231753704219,
      1.1186433314162929e-20,
      0.9998952705284225,
      2.359705730208199e-18,
      -0.2675543748188797,
      -0.9635349811859752,
      -0.0038725374396033447,
      -3.0243014047707834e-17,
      0.9634340706765491,
      -0.26758239858208666,
      0.0139445842057714,
      2.9089467896428776,
      0.0,
      0.0,
      0.0,
      1.0
    ],
    "img_size": [
      512,
      512
    ]
  },
  "rgb_000038.exr": {
    "K": [
      811.9282694049824,
      0.0,
      256.0,
      0.0,
      0.0,
      811.9282694049824,
      256.0,
      0.0,
      0.0,
      0.0,
      1.0,
      0.0,
      0.0,
      0.0,
      0.0,
      1.0
    ],
    "W2C": [
      0.8582075003688319,
      -3.093922244687981e-18,
      -0.5133029186656561,
      -2.4252091529517235e-16,
      -0.07272208433427714,
      -0.9899132554203558,
      -0.12158636927366274,
      -8.814711590585163e-17,
      -0.50812536323309,
      0.14167479219350634,
      -0.8495509805162765,
      2.908946789642877,
      0.0,
      0.0,
      0.0,
      1.0
    ],
    "img_size": [
      512,
      512
    ]
  },
  "rgb_000039.exr": {
    "K": [
      811.9282694049824,
      0.0,
      256.0,
      0.0,
      0.0,
      811.9282694049824,
      256.0,
      0.0,
      0.0,
      0.0,
      1.0,
      0.0,
      0.0,
      0.0,
      0.0,
      1.0
    ],
    "W2C": [
      0.8889492563975795,
      9.254232268677356e-18,
      0.4580056981634512,
      -1.8246852586102317e-16,
      -0.09516942433805532,
      -0.9781732640575481,
      0.18471558178498476,
      -1.1858087814403054e-16,
      0.4480089287294991,
      -0.20779091771057326,
      -0.8695463957119507,
      2.908946789642878,
      0.0,
      0.0,
      0.0,
      1.0
    ],
    "img_size": [
      512,
      512
    ]
  },
  "rgb_000040.exr": {
    "K": [
      811.9282694049824,
      0.0,
      256.0,
      0.0,
      0.0,
      811.9282694049824,
      256.0,
      0.0,
      0.0,
      0.0,
      1.0,
      0.0,
      0.0,
      0.0,
      0.0,
      1.0
    ],
    "W2C": [
      -0.9980776230923571,
      1.739312648930299e-18,
      0.06197627192975244,
      -4.357147641273138e-18,
      -0.014951049138629054,
      -0.9704659154554167,
      -0.24077452745034006,
      -3.2022106896871986e-17,
      0.060145859474821046,
      -0.24123827834587167,
      0.9686003141898907,
      2.9089467896428776,
      0.0,
      0.0,
      0.0,
      1.0
    ],
    "img_size": [
      512,
      512
    ]
  },
  "rgb_000041.exr": {
    "K": [
      811.9282694049824,
      0.0,
      256.0,
      0.0,
      0.0,
      811.9282694049824,
      256.0,
      0.0,
      0.0,
      0.0,
      1.0,
      0.0,
      0.0,
      0.0,
      0.0,
      1.0
    ],
    "W2C": [
      -0.47841122814405895,
      1.3612419835916216e-18,
      0.8781359215894162,
      -8.890402621103082e-17,
      -0.08057629285777905,
      -0.9957813049938029,
      -0.04389821925928379,
      2.0442484680517647e-18,
      0.8744313339622447,
      -0.09175833817609562,
      0.476392957084979,
      2.9089467896428776,
      0.0,
      0.0,
      0.0,
      1.0
    ],
    "img_size": [
      512,
      512
    ]
  },
  "rgb_000042.exr": {
    "K": [
      811.9282694049824,
      0.0,
      256.0,
      0.0,
      0.0,
      811.9282694049824,
      256.0,
      0.0,
      0.0,
      0.0,
      1.0,
      0.0,
      0.0,
      0.0,
      0.0,
      1.0
    ],
    "W2C": [
      -0.07518142201716711,
      -1.923633362990509e-18,
      0.9971698720797157,
      -3.215924446163581e-17,
      0.18195207078583694,
      -0.983211703466602,
      0.013718239794105925,
      7.958655356019976e-17,
      0.9804290885730711,
      0.1824684799254458,
      0.07391925401054039,
      2.9089467896428784,
      0.0,
      0.0,
      0.0,
      1.0
    ],
    "img_size": [
      512,
      512
    ]
  },
  "rgb_000043.exr": {
    "K": [
      811.9282694049824,
      0.0,
      256.0,
      0.0,
      0.0,
      811.9282694049824,
      256.0,
      0.0,
      0.0,
      0.0,
      1.0,
      0.0,
      0.0,
      0.0,
      0.0,
      1.0
    ],
    "W2C": [
      -0.5888906947139969,
      -2.3170116471900502e-17,
      0.8082126883928922,
      -3.20023787165047e-16,
      -0.28416740423691533,
      -0.9361504120619457,
      -0.2070538392918677,
      -2.3380891654464684e-16,
      0.7566086412726991,
      -0.3515997809957353,
      0.5512902665159537,
      2.908946789642878,
      0.0,
      0.0,
      0.0,
      1.0
    ],
    "img_size": [
      512,
      512
    ]
  },
  "rgb_000044.exr": {
    "K": [
      811.9282694049824,
      0.0,
      256.0,
      0.0,
      0.0,
      811.9282694049824,
      256.0,
      0.0,
      0.0,
      0.0,
      1.0,
      0.0,
      0.0,
      0.0,
      0.0,
      1.0
    ],
    "W2C": [
      -0.919815343308604,
      -3.934475810193236e-17,
      -0.3923515441719006,
      2.4482815436705495e-16,
      0.12639511474774606,
      -0.9466894492095408,
      -0.2963163203794897,
      1.3405843702531963e-16,
      -0.3714350672486095,
      -0.3221476164048653,
      0.8707794807313068,
      2.9089467896428767,
      0.0,
      0.0,
      0.0,
      1.0
    ],
    "img_size": [
      512,
      512
    ]
  },
  "rgb_000045.exr": {
    "K": [
      811.9282694049824,
      0.0,
      256.0,
      0.0,
      0.0,
      811.9282694049824,
      256.0,
      0.0,
      0.0,
      0.0,
      1.0,
      0.0,
      0.0,
      0.0,
      0.0,
      1.0
    ],
    "W2C": [
      0.9742863392232084,
      9.206016941582093e-18,
      0.22531340218246954,
      9.059975968278235e-18,
      -0.09539606900581633,
      -0.9059462175075884,
      0.4125058072341903,
      6.272913121886752e-17,
      0.2041218244609743,
      -0.4233927857010479,
      -0.8826510237885807,
      2.9089467896428776,
      0.0,
      0.0,
      0.0,
      1.0
    ],
    "img_size": [
      512,
      512
    ]
  },
  "rgb_000046.exr": {
    "K": [
      811.9282694049824,
      0.0,
      256.0,
      0.0,
      0.0,
      811.9282694049824,
      256.0,
      0.0,
      0.0,
      0.0,
      1.0,
      0.0,
      0.0,
      0.0,
      0.0,
      1.0
    ],
    "W2C": [
      -0.931505990563116,
      9.058389230256238e-19,
      0.363725981399498,
      -1.167780714253871e-16,
      -0.021556865591775932,
      -0.9982421797750062,
      -0.055207355161268956,
      2.090469962500411e-17,
      0.3630866165130382,
      -0.05926677414913337,
      0.9298685704932012,
      2.908946789642877,
      0.0,
      0.0,
      0.0,
      1.0
    ],
    "img_size": [
      512,
      512
    ]
  },
  "rgb_000047.exr": {
    "K": [
      811.9282694049824,
      0.0,
      256.0,
      0.0,
      0.0,
      811.9282694049824,
      256.0,
      0.0,
      0.0,
      0.0,
      1.0,
      0.0,
      0.0,
      0.0,
      0.0,
      1.0
    ],
    "W2C": [
      0.8763127525336386,
      8.771376822637336e-17,
      0.4817426281189136,
      -2.799677245392191e-17,
      -0.2604652681232327,
      -0.8412328012661257,
      0.47379871060972656,
      1.1120623232628065e-16,
      0.4052577005417791,
      -0.540673075040682,
      -0.7371830315991021,
      2.9089467896428776,
      0.0,
      0.0,
      0.0,
      1.0
    ],
    "img_size": [
      512,
      512
    ]
  },
  "rgb_000048.exr": {
    "K": [
      811.9282694049824,
      0.0,
      256.0,
      0.0,
      0.0,
      811.9282694049824,
      256.0,
      0.0,
      0.0,
      0.0,
      1.0,
      0.0,
      0.0,
      0.0,
      0.0,
      1.0
    ],
    "W2C": [
      0.9973203846452942,
      -1.5327951983965551e-18,
      0.07315770889634617,
      6.986601725267647e-18,
      -0.056361255299043754,
      -0.6375516623292068,
      0.7683432089648359,
      -5.523831531646264e-17,
      0.046641818919061696,
      -0.7704076050126099,
      -0.6358432691054111,
      2.9089467896428776,
      0.0,
      0.0,
      0.0,
      1.0
    ],
    "img_size": [
      512,
      512
    ]
  },
  "rgb_000049.exr": {
    "K": [
      811.9282694049824,
      0.0,
      256.0,
      0.0,
      0.0,
      811.9282694049824,
      256.0,
      0.0,
      0.0,
      0.0,
      1.0,
      0.0,
      0.0,
      0.0,
      0.0,
      1.0
    ],
    "W2C": [
      0.7665660876574304,
      4.8283815144653835e-18,
      -0.6421654251464965,
      -7.101813483681246e-17,
      -0.18721307446313348,
      -0.9565604576929019,
      -0.2234801009674171,
      -1.4719379727796407e-17,
      -0.6142700529926898,
      0.29153403022348134,
      -0.7332668076614487,
      2.9089467896428776,
      0.0,
      0.0,
      0.0,
      1.0
    ],
    "img_size": [
      512,
      512
    ]
  },
  "rgb_000050.exr": {
    "K": [
      811.9282694049824,
      0.0,
      256.0,
      0.0,
      0.0,
      811.9282694049824,
      256.0,
      0.0,
      0.0,
      0.0,
      1.0,
      0.0,
      0.0,
      0.0,
      0.0,
      1.0
    ],
    "W2C": [
      0.6123026048865169,
      6.738661486814809e-18,
      -0.7906235008201984,
      -1.752422450629878e-16,
      -0.1261281888479899,
      -0.9871930765143052,
      -0.09768065141135476,
      -5.670160239888156e-18,
      -0.7804980461392018,
      0.1595300275252932,
      -0.6044608922756437,
      2.908946789642877,
      0.0,
      0.0,
      0.0,
      1.0
    ],
    "img_size": [
      512,
      512
    ]
  },
  "rgb_000051.exr": {
    "K": [
      811.9282694049824,
      0.0,
      256.0,
      0.0,
      0.0,
      811.9282694049824,
      256.0,
      0.0,
      0.0,
      0.0,
      1.0,
      0.0,
      0.0,
      0.0,
      0.0,
      1.0
    ],
    "W2C": [
      0.935172132079553,
      -5.252900416184484e-18,
      0.354193567674207,
      -3.058478706791789e-17,
      -0.08633818599088375,
      -0.9698356122529402,
      0.22795745841223938,
      -2.6087758305492172e-17,
      0.3435095355613679,
      -0.24375989252944028,
      -0.9069632372772609,
      2.9089467896428776,
      0.0,
      0.0,
      0.0,
      1.0
    ],
    "img_size": [
      512,
      512
    ]
  },
  "rgb_000052.exr": {
    "K": [
      811.9282694049824,
      0.0,
      256.0,
      0.0,
      0.0,
      811.9282694049824,
      256.0,
      0.0,
      0.0,
      0.0,
      1.0,
      0.0,
      0.0,
      0.0,
      0.0,
      1.0
    ],
    "W2C": [
      -0.10339249755618661,
      -9.036075853379379e-19,
      0.9946406343243241,
      -2.0784301521410085e-17,
      0.31549103142971097,
      -0.9483616852813178,
      0.03279516698838077,
      5.312348547972453e-17,
      0.9432790682170951,
      0.3171909738475839,
      0.09805348322782967,
      2.9089467896428776,
      0.0,
      0.0,
      0.0,
      1.0
    ],
    "img_size": [
      512,
      512
    ]
  },
  "rgb_000053.exr": {
    "K": [
      811.9282694049824,
      0.0,
      256.0,
      0.0,
      0.0,
      811.9282694049824,
      256.0,
      0.0,
      0.0,
      0.0,
      1.0,
      0.0,
      0.0,
      0.0,
      0.0,
      1.0
    ],
    "W2C": [
      0.9204434887457256,
      6.364584411756173e-18,
      -0.3908756631277999,
      -2.4396250074898075e-16,
      -0.035420780225979734,
      -0.995885630108647,
      -0.08340971209209472,
      -2.7657315179050107e-17,
      -0.3892674560681642,
      0.09061904735265809,
      -0.9166564437689382,
      2.908946789642877,
      0.0,
      0.0,
      0.0,
      1.0
    ],
    "img_size": [
      512,
      512
    ]
  },
  "rgb_000054.exr": {
    "K": [
      811.9282694049824,
      0.0,
      256.0,
      0.0,
      0.0,
      811.9282694049824,
      256.0,
      0.0,
      0.0,
      0.0,
      1.0,
      0.0,
      0.0,
      0.0,
      0.0,
      1.0
    ],
    "W2C": [
      0.9019538745364497,
      -6.288129181355706e-18,
      0.4318323843908497,
      5.4239275246472936e-17,
      -0.260407652586835,
      -0.7977189116133991,
      0.5439047642083564,
      -5.997920327795205e-17,
      0.3444808596756877,
      -0.6030294669867582,
      -0.7195056631207049,
      2.9089467896428776,
      0.0,
      0.0,
      0.0,
      1.0
    ],
    "img_size": [
      512,
      512
    ]
  },
  "rgb_000055.exr": {
    "K": [
      811.9282694049824,
      0.0,
      256.0,
      0.0,
      0.0,
      811.9282694049824,
      256.0,
      0.0,
      0.0,
      0.0,
      1.0,
      0.0,
      0.0,
      0.0,
      0.0,
      1.0
    ],
    "W2C": [
      0.17823856392252793,
      3.550227448860692e-18,
      0.9839873039479905,
      1.1829628209729745e-16,
      0.12269887009129864,
      -0.9921950472016974,
      -0.022225561561865257,
      7.419453784735461e-17,
      0.9763073294865473,
      0.12469558255376027,
      -0.17684742034427534,
      2.908946789642878,
      0.0,
      0.0,
      0.0,
      1.0
    ],
    "img_size": [
      512,
      512
    ]
  },
  "rgb_000056.exr": {
    "K": [
      811.9282694049824,
      0.0,
      256.0,
      0.0,
      0.0,
      811.9282694049824,
      256.0,
      0.0,
      0.0,
      0.0,
      1.0,
      0.0,
      0.0,
      0.0,
      0.0,
      1.0
    ],
    "W2C": [
      0.8046006606438851,
      4.134246740978955e-17,
      0.5938162821036683,
      -1.9884773498523832e-16,
      -0.4491346442341006,
      -0.6541638546638606,
      0.6085620121236841,
      -2.2194475618032068e-16,
      0.3884531480630982,
      -0.7563528616005357,
      -0.5263406696318929,
      2.9089467896428776,
      0.0,
      0.0,
      0.0,
      1.0
    ],
    "img_size": [
      512,
      512
    ]
  },
  "rgb_000057.exr": {
    "K": [
      811.9282694049824,
      0.0,
      256.0,
      0.0,
      0.0,
      811.9282694049824,
      256.0,
      0.0,
      0.0,
      0.0,
      1.0,
      0.0,
      0.0,
      0.0,
      0.0,
      1.0
    ],
    "W2C": [
      0.897106353275817,
      -7.129643932847586e-18,
      0.44181465674212866,
      -1.3941373657219544e-16,
      0.08616047817708306,
      -0.9808002630757304,
      -0.1749491810523117,
      1.2357371779642232e-16,
      0.4333319315633932,
      0.19501498391297561,
      -0.8798821472998305,
      2.908946789642878,
      0.0,
      0.0,
      0.0,
