{
  "rgb_000000.exr": {
    "K": [
      811.9282694049824,
      0.0,
      256.0,
      0.0,
      0.0,
      811.9282694049824,
      256.0,
      0.0,
      0.0,
      0.0,
      1.0,
      0.0,
      0.0,
      0.0,
      0.0,
      1.0
    ],
    "W2C": [
      -0.03769387590573284,
      -2.145768078386609e-18,
      0.999289333336048,
      4.483190009540693e-18,
      -0.3680615906001199,
      -0.9296977535710524,
      -0.013883534486885219,
      1.603851768434182e-17,
      0.9290370483700383,
      -0.36832334572348085,
      0.03504391175294583,
      1.9839223189520714,
      0.0,
      0.0,
      0.0,
      1.0
    ],
    "img_size": [
      512,
      512
    ]
  },
  "rgb_000001.exr": {
    "K": [
      811.9282694049824,
      0.0,
      256.0,
      0.0,
      0.0,
      811.9282694049824,
      256.0,
      0.0,
      0.0,
      0.0,
      1.0,
      0.0,
      0.0,
      0.0,
      0.0,
      1.0
    ],
    "W2C": [
      0.6540278364017638,
      8.2090803249544e-18,
      -0.7564704813881554,
      -9.321270330516444e-17,
      0.27779397082789486,
      -0.9301326114191527,
      0.2401745926326472,
      -9.43135014875037e-18,
      -0.7036178643150688,
      -0.3672238080171101,
      -0.6083326194131911,
      1.9839223189520714,
      0.0,
      0.0,
      0.0,
      1.0
    ],
    "img_size": [
      512,
      512
    ]
  },
  "rgb_000002.exr": {
    "K": [
      811.9282694049824,
      0.0,
      256.0,
      0.0,
      0.0,
      811.9282694049824,
      256.0,
      0.0,
      0.0,
      0.0,
      1.0,
      0.0,
      0.0,
      0.0,
      0.0,
      1.0
    ],
    "W2C": [
      -0.78433880842507,
      2.4629980474623792e-18,
      -0.6203326797762162,
      -1.2963709821529975e-16,
      0.3445179664950358,
      -0.8315992712719243,
      -0.43560305644259373,
      -6.009108814701855e-17,
      -0.5158682044480615,
      -0.5553761356234207,
      0.6522555815165776,
      1.9839223189520716,
      0.0,
      0.0,
      0.0,
      1.0
    ],
    "img_size": [
      512,
      512
    ]
  },
  "rgb_000003.exr": {
    "K": [
      811.9282694049824,
      0.0,
      256.0,
      0.0,
      0.0,
      811.9282694049824,
      256.0,
      0.0,
      0.0,
      0.0,
      1.0,
      0.0,
      0.0,
      0.0,
      0.0,
      1.0
    ],
    "W2C": [
      -0.09746029322273361,
      -5.443805822405418e-19,
      0.9952394140330951,
      -8.71388686762461e-18,
      0.0352054914426612,
      -0.999374148040727,
      0.0034475498766150165,
      3.6550984668018626e-18,
      0.9946165414958771,
      0.035373891896016176,
      0.09739929750726885,
      1.9839223189520716,
      0.0,
      0.0,
      0.0,
      1.0
    ],
    "img_size": [
      512,
      512
    ]
  },
  "rgb_000004.exr": {
    "K": [
      811.9282694049824,
      0.0,
      256.0,
      0.0,
      0.0,
      811.9282694049824,
      256.0,
      0.0,
      0.0,
      0.0,
      1.0,
      0.0,
      0.0,
      0.0,
      0.0,
      1.0
    ],
    "W2C": [
      0.20031634586519959,
      -2.730300709257194e-17,
      -0.9797312700833907,
      -2.5750316213340328e-17,
      0.5526128147257658,
      -0.8257438485963904,
      0.11298749269759029,
      -1.0313372309873645e-16,
      -0.8090070695488886,
      -0.5640452965012841,
      -0.1654099903714955,
      1.9839223189520714,
      0.0,
      0.0,
      0.0,
      1.0
    ],
    "img_size": [
      512,
      512
    ]
  },
  "rgb_000005.exr": {
    "K": [
      811.9282694049824,
      0.0,
      256.0,
      0.0,
      0.0,
      811.9282694049824,
      256.0,
      0.0,
      0.0,
      0.0,
      1.0,
      0.0,
      0.0,
      0.0,
      0.0,
      1.0
    ],
    "W2C": [
      -0.25028581742788786,
      -3.3826186112298215e-20,
      0.9681719938081529,
      6.403212350608928e-17,
      0.02853838062761064,
      -0.9995654717747005,
      0.007377565111499285,
      -6.477626981742963e-18,
      0.9677512957498986,
      0.029476560786848825,
      0.2501770611758233,
      1.9839223189520712,
      0.0,
      0.0,
      0.0,
      1.0
    ],
    "img_size": [
      512,
      512
    ]
  },
  "rgb_000006.exr": {
    "K": [
      811.9282694049824,
      0.0,
      256.0,
      0.0,
      0.0,
      811.9282694049824,
      256.0,
      0.0,
      0.0,
      0.0,
      1.0,
      0.0,
      0.0,
      0.0,
      0.0,
      1.0
    ],
    "W2C": [
      -0.8527213386141616,
      3.4130412000902513e-18,
      0.5223660772600691,
      -1.557630589571759e-16,
      -0.2969907220753427,
      -0.8226493847232171,
      -0.48481388265568315,
      2.6762450412344624e-16,
      0.4297241320582765,
      -0.5685490214700154,
      0.7014906845512981,
      1.9839223189520712,
      0.0,
      0.0,
      0.0,
      1.0
    ],
    "img_size": [
      512,
      512
    ]
  },
  "rgb_000007.exr": {
    "K": [
      811.9282694049824,
      0.0,
      256.0,
      0.0,
      0.0,
      811.9282694049824,
      256.0,
      0.0,
      0.0,
      0.0,
      1.0,
      0.0,
      0.0,
      0.0,
      0.0,
      1.0
    ],
    "W2C": [
      0.034471134703572735,
      1.8340338117375974e-19,
      -0.9994056938362159,
      -9.747657584911508e-18,
      0.5144903314979286,
      -0.8573125404747785,
      0.017745611847251826,
      -4.446168055726082e-17,
      -0.8568030343476849,
      -0.5147962780990959,
      -0.02955253606576824,
      1.9839223189520716,
      0.0,
      0.0,
      0.0,
      1.0
    ],
    "img_size": [
      512,
      512
    ]
  },
  "rgb_000008.exr": {
    "K": [
      811.9282694049824,
      0.0,
      256.0,
      0.0,
      0.0,
      811.9282694049824,
      256.0,
      0.0,
      0.0,
      0.0,
      1.0,
      0.0,
      0.0,
      0.0,
      0.0,
      1.0
    ],
    "W2C": [
      0.7562258474104373,
      3.0697427946264394e-17,
      -0.6543106813344604,
      -2.744377757327039e-16,
      0.12597767852599015,
      -0.981290115384025,
      0.1455999105865416,
      7.32808861189482e-17,
      -0.6420686039836928,
      -0.19253495643546553,
      -0.7420769490617701,
      1.983922318952071,
      0.0,
      0.0,
      0.0,
      1.0
    ],
    "img_size": [
      512,
      512
    ]
  },
  "rgb_000009.exr": {
    "K": [
      811.9282694049824,
      0.0,
      256.0,
      0.0,
      0.0,
      811.9282694049824,
      256.0,
      0.0,
      0.0,
      0.0,
      1.0,
      0.0,
      0.0,
      0.0,
      0.0,
      1.0
    ],
    "W2C": [
      -0.7856267761929503,
      -2.2474122312009403e-19,
      -0.6187007099791239,
      1.2550796690884587e-16,
      -0.0013807435306128052,
      -0.9999975097935689,
      0.0017532695069013456,
      2.3892757823168153e-19,
      -0.6186991692866368,
      0.0022316824731935326,
      0.7856248198200999,
      1.9839223189520714,
      0.0,
      0.0,
      0.0,
      1.0
    ],
    "img_size": [
      512,
      512
    ]
  },
  "rgb_000010.exr": {
    "K": [
      811.9282694049824,
      0.0,
      256.0,
      0.0,
      0.0,
      811.9282694049824,
      256.0,
      0.0,
      0.0,
      0.0,
      1.0,
      0.0,
      0.0,
      0.0,
      0.0,
      1.0
    ],
    "W2C": [
      0.9909101952145275,
      1.5402411582340627e-18,
      -0.13452503491880977,
      2.7199390442405805e-19,
      0.01358807689556069,
      -0.9948856344980048,
      0.10008965199151489,
      -9.103187287480484e-18,
      -0.1338370247210663,
      -0.10100779311272091,
      -0.985842318296547,
      1.9839223189520714,
      0.0,
      0.0,
      0.0,
      1.0
    ],
    "img_size": [
      512,
      512
    ]
  },
  "rgb_000011.exr": {
    "K": [
      811.9282694049824,
      0.0,
      256.0,
      0.0,
      0.0,
      811.9282694049824,
      256.0,
      0.0,
      0.0,
      0.0,
      1.0,
      0.0,
      0.0,
      0.0,
      0.0,
      1.0
    ],
    "W2C": [
      0.13709806256754165,
      -9.418890117494306e-18,
      -0.9905574800284062,
      7.363409784604277e-18,
      0.44090944485777206,
      -0.8954746934312884,
      0.06102405148260292,
      4.1273487817813604e-17,
      -0.8870191557545066,
      -0.44511242784732497,
      -0.12276784554769293,
      1.9839223189520714,
      0.0,
      0.0,
      0.0,
      1.0
    ],
    "img_size": [
      512,
      512
    ]
  },
  "rgb_000012.exr": {
    "K": [
      811.9282694049824,
      0.0,
      256.0,
      0.0,
      0.0,
      811.9282694049824,
      256.0,
      0.0,
      0.0,
      0.0,
      1.0,
      0.0,
      0.0,
      0.0,
      0.0,
      1.0
    ],
    "W2C": [
      -0.21186452344241324,
      -4.205367480711237e-18,
      -0.9772990451783524,
      4.34011935482095e-17,
      0.704226817811173,
      -0.6933668396458491,
      -0.15266635108980686,
      -1.0010230471554767e-16,
      -0.6776267503442202,
      -0.7205847803551829,
      0.14689983505233997,
      1.9839223189520712,
      0.0,
      0.0,
      0.0,
      1.0
    ],
    "img_size": [
      512,
      512
    ]
  },
  "rgb_000013.exr": {
    "K": [
      811.9282694049824,
      0.0,
      256.0,
      0.0,
      0.0,
      811.9282694049824,
      256.0,
      0.0,
      0.0,
      0.0,
      1.0,
      0.0,
      0.0,
      0.0,
      0.0,
      1.0
    ],
    "W2C": [
      -0.14576999971919988,
      4.7920703484991706e-18,
      -0.9893185064385809,
      1.7974303050708055e-17,
      -0.17869928055657006,
      -0.9835513639717283,
      0.026330240369530192,
      2.1472649360927903e-17,
      -0.9730455664101393,
      0.18062866447314774,
      0.1433722820499775,
      1.9839223189520716,
      0.0,
      0.0,
      0.0,
      1.0
    ],
    "img_size": [
      512,
      512
    ]
  },
  "rgb_000014.exr": {
    "K": [
      811.9282694049824,
      0.0,
      256.0,
      0.0,
      0.0,
      811.9282694049824,
      256.0,
      0.0,
      0.0,
      0.0,
      1.0,
      0.0,
      0.0,
      0.0,
      0.0,
      1.0
    ],
    "W2C": [
      -0.7772250781931966,
      1.287025306151209e-17,
      0.6292226774581312,
      1.1337827020841007e-16,
      -0.057134642006872835,
      -0.9958689708273856,
      -0.07057354763614168,
      -2.5824420999473666e-17,
      0.626623340221481,
      -0.09080194349904784,
      0.774014338721493,
      1.983922318952072,
      0.0,
      0.0,
      0.0,
      1.0
    ],
    "img_size": [
      512,
      512
    ]
  },
  "rgb_000015.exr": {
    "K": [
      811.9282694049824,
      0.0,
      256.0,
      0.0,
      0.0,
      811.9282694049824,
      256.0,
      0.0,
      0.0,
      0.0,
      1.0,
      0.0,
      0.0,
      0.0,
      0.0,
      1.0
    ],
    "W2C": [
      0.8511473371670543,
      -1.277027151256564e-18,
      0.5249268619850129,
      -2.393311615644127e-16,
      -0.032016577603315055,
      -0.9981382271645021,
      0.051913565004493886,
      -2.8268864873906337e-17,
      0.523949567412746,
      -0.060992454229231566,
      -0.8495626941757103,
      1.9839223189520718,
      0.0,
      0.0,
      0.0,
      1.0
    ],
    "img_size": [
      512,
      512
    ]
  },
  "rgb_000016.exr": {
    "K": [
      811.9282694049824,
      0.0,
      256.0,
      0.0,
      0.0,
      811.9282694049824,
      256.0,
      0.0,
      0.0,
      0.0,
      1.0,
      0.0,
      0.0,
      0.0,
      0.0,
      1.0
    ],
    "W2C": [
      -0.9077858980489731,
      1.6593725153839195e-18,
      0.4194338604636245,
      4.3635855203141605e-17,
      -0.0544898029397585,
      -0.9915254305572331,
      -0.11793295524949664,
      6.500346708263241e-18,
      0.41587933908647773,
      -0.12991274209365875,
      0.9000928034167927,
      1.9839223189520714,
      0.0,
      0.0,
      0.0,
      1.0
    ],
    "img_size": [
      512,
      512
    ]
  },
  "rgb_000017.exr": {
    "K": [
      811.9282694049824,
      0.0,
      256.0,
      0.0,
      0.0,
      811.9282694049824,
      256.0,
      0.0,
      0.0,
      0.0,
      1.0,
      0.0,
      0.0,
      0.0,
      0.0,
      1.0
    ],
    "W2C": [
      0.3179113793691661,
      6.531787999680513e-17,
      0.9481204326812044,
      -4.134710659885301e-18,
      -0.4744487986798646,
      -0.8657886503708417,
      0.15908598404721377,
      7.97078442628004e-17,
      0.8208719098000782,
      -0.5004098449161816,
      -0.2752440640815628,
      1.9839223189520716,
      0.0,
      0.0,
      0.0,
      1.0
    ],
    "img_size": [
      512,
      512
    ]
  },
  "rgb_000018.exr": {
    "K": [
      811.9282694049824,
      0.0,
      256.0,
      0.0,
      0.0,
      811.9282694049824,
      256.0,
      0.0,
      0.0,
      0.0,
      1.0,
      0.0,
      0.0,
      0.0,
      0.0,
      1.0
    ],
    "W2C": [
      -0.5385530323878841,
      -5.976716469657797e-17,
      0.8425916159717083,
      1.9130413679027426e-16,
      -0.24038305259040005,
      -0.9584412108399205,
      -0.15364385243487044,
      1.8205129442033597e-17,
      0.8075745286554892,
      -0.2852901073709133,
      0.5161714204633545,
      1.9839223189520716,
      0.0,
      0.0,
      0.0,
      1.0
    ],
    "img_size": [
      512,
      512
    ]
  },
  "rgb_000019.exr": {
    "K": [
      811.9282694049824,
      0.0,
      256.0,
      0.0,
      0.0,
      811.9282694049824,
      256.0,
      0.0,
      0.0,
      0.0,
      1.0,
      0.0,
      0.0,
      0.0,
      0.0,
      1.0
    ],
    "W2C": [
      -0.5244875904576514,
      -4.770736338473667e-19,
      -0.851418092041699,
      -7.26947849881686e-17,
      0.003876276255483111,
      -0.9999896362733947,
      -0.002387850119923188,
      -3.056735505331053e-19,
      -0.8514092681773664,
      -0.004552729489442498,
      0.5244821548116557,
      1.9839223189520712,
      0.0,
      0.0,
      0.0,
      1.0
    ],
    "img_size": [
      512,
      512
    ]
  },
  "rgb_000020.exr": {
    "K": [
      811.9282694049824,
      0.0,
      256.0,
      0.0,
      0.0,
      811.9282694049824,
      256.0,
      0.0,
      0.0,
      0.0,
      1.0,
      0.0,
      0.0,
      0.0,
      0.0,
      1.0
    ],
    "W2C": [
      0.10426056771802594,
      1.3777060441635022e-20,
      -0.9945500158459176,
      -1.329971470694558e-17,
      0.011325455822558308,
      -0.9999351601192006,
      0.001187269051241249,
      -1.9390640850521172e-18,
      -0.9944855293414411,
      -0.01138751761310406,
      -0.10425380747524302,
      1.9839223189520716,
      0.0,
      0.0,
      0.0,
      1.0
    ],
    "img_size": [
      512,
      512
    ]
  },
  "rgb_000021.exr": {
    "K": [
      811.9282694049824,
      0.0,
      256.0,
      0.0,
      0.0,
      811.9282694049824,
      256.0,
      0.0,
      0.0,
      0.0,
      1.0,
      0.0,
      0.0,
      0.0,
      0.0,
      1.0
    ],
    "W2C": [
      0.8701532526385053,
      3.2209728013400968e-18,
      0.49278120593487496,
      -1.6749514659125583e-16,
      0.06044677162289455,
      -0.9924481924869095,
      -0.10673693376632112,
      1.5353965871237428e-17,
      0.48905981712158614,
      0.12266452310862497,
      -0.8635820227676897,
      1.9839223189520716,
      0.0,
      0.0,
      0.0,
      1.0
    ],
    "img_size": [
      512,
      512
    ]
  },
  "rgb_000022.exr": {
    "K": [
      811.9282694049824,
      0.0,
      256.0,
      0.0,
      0.0,
      811.9282694049824,
      256.0,
      0.0,
      0.0,
      0.0,
      1.0,
      0.0,
      0.0,
      0.0,
      0.0,
      1.0
    ],
    "W2C": [
      0.8226713956617699,
      9.431970384072662e-18,
      0.5685171719129649,
      4.538257556733176e-18,
      0.1254591421111409,
      -0.9753467539593305,
      -0.1815453475078171,
      1.2939729948780572e-17,
      0.5545013781954489,
      0.2206778410738095,
      -0.8023898753338992,
      1.9839223189520718,
      0.0,
      0.0,
      0.0,
      1.0
    ],
    "img_size": [
      512,
      512
    ]
  },
  "rgb_000023.exr": {
    "K": [
      811.9282694049824,
      0.0,
      256.0,
      0.0,
      0.0,
      811.9282694049824,
      256.0,
      0.0,
      0.0,
      0.0,
      1.0,
      0.0,
      0.0,
      0.0,
      0.0,
      1.0
    ],
    "W2C": [
      0.6483939235590522,
      -2.7527540638015308e-17,
      0.7613050110774905,
      1.3947840493002376e-16,
      -0.36626291401036865,
      -0.8766663911595731,
      0.311941527264139,
      1.149947066122572e-17,
      0.6674105166330024,
      -0.48109878259173583,
      -0.5684251610163105,
      1.9839223189520714,
      0.0,
      0.0,
      0.0,
      1.0
    ],
    "img_size": [
      512,
      512
    ]
  },
  "rgb_000024.exr": {
    "K": [
      811.9282694049824,
      0.0,
      256.0,
      0.0,
      0.0,
      811.9282694049824,
      256.0,
      0.0,
      0.0,
      0.0,
      1.0,
      0.0,
      0.0,
      0.0,
      0.0,
      1.0
    ],
    "W2C": [
      -0.48543946967639395,
      5.757993152552022e-19,
      0.8742702793074356,
      1.1140620900304216e-16,
      0.009328245547120152,
      -0.9999430765944702,
      0.005179517911774766,
      -9.922466489166017e-19,
      0.8742205128657837,
      0.010669750268200403,
      0.48541183680860134,
      1.9839223189520712,
      0.0,
      0.0,
      0.0,
      1.0
    ],
    "img_size": [
      512,
      512
    ]
  },
  "rgb_000025.exr": {
    "K": [
      811.9282694049824,
      0.0,
      256.0,
      0.0,
      0.0,
      811.9282694049824,
      256.0,
      0.0,
      0.0,
      0.0,
      1.0,
      0.0,
      0.0,
      0.0,
      0.0,
      1.0
    ],
    "W2C": [
      -0.9974034212528993,
      1.2601206071562757e-19,
      0.07201677077605982,
      9.615094514604637e-18,
      0.010268725692661154,
      -0.9897821319189581,
      0.142217736610491,
      4.583923798613164e-17,
      0.07128091291264743,
      0.14258797752251803,
      0.9872120846709574,
      1.9839223189520716,
      0.0,
      0.0,
      0.0,
      1.0
    ],
    "img_size": [
      512,
      512
    ]
  },
  "rgb_000026.exr": {
    "K": [
      811.9282694049824,
      0.0,
      256.0,
      0.0,
      0.0,
      811.9282694049824,
      256.0,
      0.0,
      0.0,
      0.0,
      1.0,
      0.0,
      0.0,
      0.0,
      0.0,
      1.0
    ],
    "W2C": [
      0.9995019918725276,
      5.620590126410055e-19,
      -0.031555795709336865,
      -4.708587766887672e-18,
      0.013264203774680596,
      -0.9073660797084374,
      0.42013195342983034,
      7.952962102225504e-17,
      -0.028632658644861326,
      -0.42034128680697236,
      -0.9069142040261501,
      1.9839223189520712,
      0.0,
      0.0,
      0.0,
      1.0
    ],
    "img_size": [
      512,
      512
    ]
  },
  "rgb_000027.exr": {
    "K": [
      811.9282694049824,
      0.0,
      256.0,
      0.0,
      0.0,
      811.9282694049824,
      256.0,
      0.0,
      0.0,
      0.0,
      1.0,
      0.0,
      0.0,
      0.0,
      0.0,
      1.0
    ],
    "W2C": [
      0.25422944528992314,
      2.2056783132177167e-18,
      -0.9671439340385578,
      7.218397285659399e-17,
      0.13657335588568334,
      -0.9899792276848564,
      0.03590051830570267,
      3.999244913704967e-17,
      -0.9574524048795848,
      -0.1412130615506073,
      -0.2516818699028675,
      1.9839223189520712,
      0.0,
      0.0,
      0.0,
      1.0
    ],
    "img_size": [
      512,
      512
    ]
  },
  "rgb_000028.exr": {
    "K": [
      811.9282694049824,
      0.0,
      256.0,
      0.0,
      0.0,
      811.9282694049824,
      256.0,
      0.0,
      0.0,
      0.0,
      1.0,
      0.0,
      0.0,
      0.0,
      0.0,
      1.0
    ],
    "W2C": [
      -0.9992714460007525,
      -2.9107443829916285e-18,
      0.03816513078145262,
      9.974024986200104e-18,
      -0.023829261810553854,
      -0.7811266609537119,
      -0.6239177075775852,
      -1.2974101331540226e-16,
      0.029811801172177816,
      -0.6243725967299535,
      0.7805575680009551,
      1.9839223189520714,
      0.0,
      0.0,
      0.0,
      1.0
    ],
    "img_size": [
      512,
      512
    ]
  },
  "rgb_000029.exr": {
    "K": [
      811.9282694049824,
      0.0,
      256.0,
      0.0,
      0.0,
      811.9282694049824,
      256.0,
      0.0,
      0.0,
      0.0,
      1.0,
      0.0,
      0.0,
      0.0,
      0.0,
      1.0
    ],
    "W2C": [
      -0.8438428425582685,
      6.263574080325621e-19,
      -0.5365903997120907,
      1.3865086916802018e-17,
      -0.02091779508741088,
      -0.9992398818455669,
      0.03289535495991553,
      -1.5336478602077653e-17,
      -0.536182527607775,
      0.03898279786338777,
      0.8432014222941513,
      1.9839223189520714,
      0.0,
      0.0,
      0.0,
      1.0
    ],
    "img_size": [
      512,
      512
    ]
  },
  "rgb_000030.exr": {
    "K": [
      811.9282694049824,
      0.0,
      256.0,
      0.0,
      0.0,
      811.9282694049824,
      256.0,
      0.0,
      0.0,
      0.0,
      1.0,
      0.0,
      0.0,
      0.0,
      0.0,
      1.0
    ],
    "W2C": [
      -0.9999569251776435,
      4.4020368124519095e-20,
      0.009281583338679539,
      1.1300972667159958e-18,
      0.0011358202778926935,
      -0.9924841131809232,
      0.12236827610035518,
      3.3608804890591955e-17,
      0.009211824008804196,
      0.12237354731916708,
      0.9924413621040563,
      1.9839223189520716,
      0.0,
      0.0,
      0.0,
      1.0
    ],
    "img_size": [
      512,
      512
    ]
  },
  "rgb_000031.exr": {
    "K": [
      811.9282694049824,
      0.0,
      256.0,
      0.0,
      0.0,
      811.9282694049824,
      256.0,
      0.0,
      0.0,
      0.0,
      1.0,
      0.0,
      0.0,
      0.0,
      0.0,
      1.0
    ],
    "W2C": [
      0.997740589696918,
      -7.548564814489917e-18,
      0.06718419212319579,
      -2.4812737303376955e-17,
      -0.03783434393095235,
      -0.8263590931899443,
      0.5618711698615688,
      -2.2286425980150614e-16,
      0.055518268079623054,
      -0.5631435421828908,
      -0.8244920089407453,
      1.983922318952072,
      0.0,
      0.0,
      0.0,
      1.0
    ],
    "img_size": [
      512,
      512
    ]
  },
  "rgb_000032.exr": {
    "K": [
      811.9282694049824,
      0.0,
      256.0,
      0.0,
      0.0,
      811.9282694049824,
      256.0,
      0.0,
      0.0,
      0.0,
      1.0,
      0.0,
      0.0,
      0.0,
      0.0,
      1.0
    ],
    "W2C": [
      -0.11905634383144295,
      -3.281019001815199e-18,
      0.9928874996662458,
      8.01204543226364e-17,
      -0.666711731345339,
      -0.741015711845632,
      -0.07994486903117347,
      4.654606090745864e-16,
      0.7357452373478128,
      -0.6714876877485625,
      0.08822262137399502,
      1.9839223189520707,
      0.0,
      0.0,
      0.0,
      1.0
    ],
    "img_size": [
      512,
      512
    ]
  },
  "rgb_000033.exr": {
    "K": [
      811.9282694049824,
      0.0,
      256.0,
      0.0,
      0.0,
      811.9282694049824,
      256.0,
      0.0,
      0.0,
      0.0,
      1.0,
      0.0,
      0.0,
      0.0,
      0.0,
      1.0
    ],
    "W2C": [
      -0.3869500680813459,
      -4.2110537499803665e-19,
      0.9221006695647942,
      -3.4843955177915546e-17,
      -0.01745267722802756,
      -0.9998208666930735,
      -0.007323836609699454,
      1.7438289864857107e-18,
      0.9219354906225359,
      -0.018927084432402305,
      0.3868807524360351,
      1.9839223189520716,
      0.0,
      0.0,
      0.0,
      1.0
    ],
    "img_size": [
      512,
      512
    ]
  },
  "rgb_000034.exr": {
    "K": [
      811.9282694049824,
      0.0,
      256.0,
      0.0,
      0.0,
      811.9282694049824,
      256.0,
      0.0,
      0.0,
      0.0,
      1.0,
      0.0,
      0.0,
      0.0,
      0.0,
      1.0
    ],
    "W2C": [
      0.5912843460447528,
      -2.82634459758944e-19,
      0.806463156084907,
      -4.60790128883235e-17,
      -0.6076526301889715,
      -0.6574725739316359,
      0.4455200282278391,
      -1.861615982744815e-17,
      0.5302274070121745,
      -0.7534784764860303,
      -0.38875324091952773,
      1.9839223189520712,
      0.0,
      0.0,
      0.0,
      1.0
    ],
    "img_size": [
      512,
      512
    ]
  },
  "rgb_000035.exr": {
    "K": [
      811.9282694049824,
      0.0,
      256.0,
      0.0,
      0.0,
      811.9282694049824,
      256.0,
      0.0,
      0.0,
      0.0,
      1.0,
      0.0,
      0.0,
      0.0,
      0.0,
      1.0
    ],
    "W2C": [
      0.34249960391490675,
      8.343552367998187e-18,
      -0.9395179728552998,
      -1.2709364704292198e-16,
      0.5077104781002868,
      -0.8414116896414645,
      0.18508495066286287,
      -3.320543319887164e-17,
      -0.7905214049887015,
      -0.5403946414748171,
      -0.288183170431574,
      1.9839223189520716,
      0.0,
      0.0,
      0.0,
      1.0
    ],
    "img_size": [
      512,
      512
    ]
  },
  "rgb_000036.exr": {
    "K": [
      811.9282694049824,
      0.0,
      256.0,
      0.0,
      0.0,
      811.9282694049824,
      256.0,
      0.0,
      0.0,
      0.0,
      1.0,
      0.0,
      0.0,
      0.0,
      0.0,
      1.0
    ],
    "W2C": [
      0.9979512590086801,
      -5.356927041380248e-19,
      0.06397878275639639,
      1.4039733155384455e-17,
      -0.0030064877515767327,
      -0.9988952681077654,
      0.04689567552893482,
      9.941290724870405e-18,
      0.06390810335465906,
      -0.04699194986288095,
      -0.9968487904259574,
      1.9839223189520714,
      0.0,
      0.0,
      0.0,
      1.0
    ],
    "img_size": [
      512,
      512
    ]
  },
  "rgb_000037.exr": {
    "K": [
      811.9282694049824,
      0.0,
      256.0,
      0.0,
      0.0,
      811.9282694049824,
      256.0,
      0.0,
      0.0,
      0.0,
      1.0,
      0.0,
      0.0,
      0.0,
      0.0,
      1.0
    ],
    "W2C": [
      -0.7316761282659944,
      -9.258287691081274e-18,
      0.6816524358686649,
      -2.2721141038790875e-17,
      -0.5292542309072337,
      -0.6302056173712927,
      -0.5680940405429901,
      -2.894480837748103e-18,
      0.4295811941792574,
      -0.7764282837671924,
      0.461106406129708,
      1.9839223189520714,
      0.0,
      0.0,
      0.0,
      1.0
    ],
    "img_size": [
      512,
      512
    ]
  },
  "rgb_000038.exr": {
    "K": [
      811.9282694049824,
      0.0,
      256.0,
      0.0,
      0.0,
      811.9282694049824,
      256.0,
      0.0,
      0.0,
      0.0,
      1.0,
      0.0,
      0.0,
      0.0,
      0.0,
      1.0
    ],
    "W2C": [
      -0.5851625675602764,
      1.655668776793645e-17,
      0.8109160064558258,
      -4.838513672100808e-17,
      0.182713799155244,
      -0.974285325426074,
      0.13184753413570646,
      5.57628812321045e-17,
      0.7900635652430266,
      0.22531778593668345,
      0.570115302562621,
      1.9839223189520716,
      0.0,
      0.0,
      0.0,
      1.0
    ],
    "img_size": [
      512,
      512
    ]
  },
  "rgb_000039.exr": {
    "K": [
      811.9282694049824,
      0.0,
      256.0,
      0.0,
      0.0,
      811.9282694049824,
      256.0,
      0.0,
      0.0,
      0.0,
      1.0,
      0.0,
      0.0,
      0.0,
      0.0,
      1.0
    ],
    "W2C": [
      0.9106087951343368,
      4.0009870165604985e-17,
      -0.41326943054621346,
      1.0176788080632804e-17,
      0.2139262870517588,
      -0.8555963272401391,
      0.4713708397020688,
      -9.418748059444741e-17,
      -0.3535918069359639,
      -0.5176436272313075,
      -0.7791135406695068,
      1.9839223189520716,
      0.0,
      0.0,
      0.0,
      1.0
    ],
    "img_size": [
      512,
      512
    ]
  },
  "rgb_000040.exr": {
    "K": [
      811.9282694049824,
      0.0,
      256.0,
      0.0,
      0.0,
      811.9282694049824,
      256.0,
      0.0,
      0.0,
      0.0,
      1.0,
      0.0,
      0.0,
      0.0,
      0.0,
      1.0
    ],
    "W2C": [
      -0.8824326743025767,
      2.9609978937639105e-18,
      0.47043870517125025,
      1.6281549918246712e-17,
      -0.2600096998942651,
      -0.8333827900545054,
      -0.4877172143792569,
      -6.83585610135837e-17,
      0.3920555206652455,
      -0.5526962323383142,
      0.7354042041455401,
      1.9839223189520712,
      0.0,
      0.0,
      0.0,
      1.0
    ],
    "img_size": [
      512,
      512
    ]
  },
  "rgb_000041.exr": {
    "K": [
      811.9282694049824,
      0.0,
      256.0,
      0.0,
      0.0,
      811.9282694049824,
      256.0,
      0.0,
      0.0,
      0.0,
      1.0,
      0.0,
      0.0,
      0.0,
      0.0,
      1.0
    ],
    "W2C": [
      0.43792002912556127,
      1.15848862464333e-17,
      -0.8990139309769717,
      8.36850501348258e-17,
      0.18353191437727917,
      -0.9789400317390173,
      0.08940050706692203,
      2.321232356265648e-17,
      -0.8800807261244156,
      -0.20414802046263325,
      -0.42869744721132835,
      1.9839223189520712,
      0.0,
      0.0,
      0.0,
      1.0
    ],
    "img_size": [
      512,
      512
    ]
  },
  "rgb_000042.exr": {
    "K": [
      811.9282694049824,
      0.0,
      256.0,
      0.0,
      0.0,
      811.9282694049824,
      256.0,
      0.0,
      0.0,
      0.0,
      1.0,
      0.0,
      0.0,
      0.0,
      0.0,
      1.0
    ],
    "W2C": [
      0.7445204889892214,
      -9.724363655421011e-18,
      -0.6675996116500148,
      7.64998087616407e-17,
      0.50356329171222,
      -0.6565421110096342,
      0.5615838919618035,
      -7.269459008919965e-17,
      -0.43830725834191286,
      -0.7542893718401533,
      -0.48880905353090864,
      1.9839223189520716,
      0.0,
      0.0,
      0.0,
      1.0
    ],
    "img_size": [
      512,
      512
    ]
  },
  "rgb_000043.exr": {
    "K": [
      811.9282694049824,
      0.0,
      256.0,
      0.0,
      0.0,
      811.9282694049824,
      256.0,
      0.0,
      0.0,
      0.0,
      1.0,
      0.0,
      0.0,
      0.0,
      0.0,
      1.0
    ],
    "W2C": [
      -0.9777694812658865,
      -7.487691702114377e-18,
      0.20968271627637644,
      -3.296407468106118e-17,
      -0.10484916501681782,
      -0.8660039068899035,
      -0.4889211448144776,
      1.1391353284858108e-16,
      0.18158605150262916,
      -0.5000372318652115,
      0.8467521908139719,
      1.9839223189520712,
      0.0,
      0.0,
      0.0,
      1.0
    ],
    "img_size": [
      512,
      512
    ]
  },
  "rgb_000044.exr": {
    "K": [
      811.9282694049824,
      0.0,
      256.0,
      0.0,
      0.0,
      811.9282694049824,
      256.0,
      0.0,
      0.0,
      0.0,
      1.0,
      0.0,
      0.0,
      0.0,
      0.0,
      1.0
    ],
    "W2C": [
      -0.994674761083689,
      -2.05898173576425e-18,
      0.10306366800723872,
      1.610244578394568e-17,
      -0.010243512052636657,
      -0.9950485418941181,
      -0.09886086048187835,
      -3.566653144581244e-17,
      0.10255335257286234,
      -0.09939013670576136,
      0.9897496706752049,
      1.9839223189520718,
      0.0,
      0.0,
      0.0,
      1.0
    ],
    "img_size": [
      512,
      512
    ]
  },
  "rgb_000045.exr": {
    "K": [
      811.9282694049824,
      0.0,
      256.0,
      0.0,
      0.0,
      811.9282694049824,
      256.0,
      0.0,
      0.0,
      0.0,
      1.0,
      0.0,
      0.0,
      0.0,
      0.0,
      1.0
    ],
    "W2C": [
      -0.7547163428649334,
      2.8628526769077665e-18,
      0.6560512493796351,
      -2.810286264584258e-16,
      -0.034906845367626324,
      -0.9985834778246736,
      -0.040156568106102075,
      1.69671169419294e-17,
      0.6551219382367384,
      -0.05320749773837696,
      0.7536472704291839,
      1.9839223189520707,
      0.0,
      0.0,
      0.0,
      1.0
    ],
    "img_size": [
      512,
      512
    ]
  },
  "rgb_000046.exr": {
    "K": [
      811.9282694049824,
      0.0,
      256.0,
      0.0,
      0.0,
      811.9282694049824,
      256.0,
      0.0,
      0.0,
      0.0,
      1.0,
      0.0,
      0.0,
      0.0,
      0.0,
      1.0
    ],
    "W2C": [
      0.04601976508178833,
      1.1670690375114032e-19,
      -0.9989405293719027,
      1.223768252730704e-18,
      -0.2013305843302085,
      -0.9794794382481178,
      -0.00927501279829039,
      -2.4220586339095508e-17,
      -0.9784417085524686,
      0.20154411439968087,
      -0.04507541365062039,
      1.9839223189520712,
      0.0,
      0.0,
      0.0,
      1.0
    ],
    "img_size": [
      512,
      512
    ]
  },
  "rgb_000047.exr": {
    "K": [
      811.9282694049824,
      0.0,
      256.0,
      0.0,
      0.0,
      811.9282694049824,
      256.0,
      0.0,
      0.0,
      0.0,
      1.0,
      0.0,
      0.0,
      0.0,
      0.0,
      1.0
    ],
    "W2C": [
      0.47292264490422803,
      -4.918079698367997e-20,
      0.8811039506986615,
      -1.243994325454793e-16,
      -0.06645390501691559,
      -0.9971517661274362,
      0.03566838680032468,
      1.5104318016879002e-17,
      0.8785943605810319,
      -0.07542118607483454,
      -0.47157565060790935,
      1.9839223189520714,
      0.0,
      0.0,
      0.0,
      1.0
    ],
    "img_size": [
      512,
      512
    ]
  },
  "rgb_000048.exr": {
    "K": [
      811.9282694049824,
      0.0,
      256.0,
      0.0,
      0.0,
      811.9282694049824,
      256.0,
      0.0,
      0.0,
      0.0,
      1.0,
      0.0,
      0.0,
      0.0,
      0.0,
      1.0
    ],
    "W2C": [
      -0.3849477084072674,
      -4.4247802681467565e-17,
      -0.9229383846129673,
      4.3571490825474296e-17,
      0.698750220890062,
      -0.6533070789179506,
      -0.29144122810917505,
      -3.0467091317007414e-16,
      -0.6029621800727496,
      -0.7570930330122546,
      0.2514890629157109,
      1.9839223189520712,
      0.0,
      0.0,
      0.0,
      1.0
    ],
    "img_size": [
      512,
      512
    ]
  },
  "rgb_000049.exr": {
    "K": [
      811.9282694049824,
      0.0,
      256.0,
      0.0,
      0.0,
      811.9282694049824,
      256.0,
      0.0,
      0.0,
      0.0,
      1.0,
      0.0,
      0.0,
      0.0,
      0.0,
      1.0
    ],
    "W2C": [
      0.9006542823184202,
      7.0666104956097e-18,
      -0.434536377926511,
      -1.2481483414549962e-16,
      -0.049590791588301625,
      -0.9934665760058071,
      -0.10278577600496724,
      -3.853886848863603e-17,
      -0.43169736752861626,
      0.11412345227558474,
      -0.8947699260198485,
      1.983922318952071,
      0.0,
      0.0,
      0.0,
      1.0
    ],
    "img_size": [
      512,
      512
    ]
  },
  "rgb_000050.exr": {
    "K": [
      811.9282694049824,
      0.0,
      256.0,
      0.0,
      0.0,
      811.9282694049824,
      256.0,
      0.0,
      0.0,
      0.0,
      1.0,
      0.0,
      0.0,
      0.0,
      0.0,
      1.0
    ],
    "W2C": [
      -0.9231827014289246,
      -1.7279580228826309e-18,
      -0.38436141817616565,
      7.270583172543169e-17,
      0.15121148371191503,
      -0.9193632917418862,
      -0.3631889659545904,
      1.180087012653047e-16,
      -0.3533677786330194,
      -0.3934096310431703,
      0.8487402872648628,
      1.9839223189520712,
      0.0,
      0.0,
      0.0,
      1.0
    ],
    "img_size": [
      512,
      512
    ]
  },
  "rgb_000051.exr": {
    "K": [
      811.9282694049824,
      0.0,
      256.0,
      0.0,
      0.0,
      811.9282694049824,
      256.0,
      0.0,
      0.0,
      0.0,
      1.0,
      0.0,
      0.0,
      0.0,
      0.0,
      1.0
    ],
    "W2C": [
      -0.8060148493865631,
      -5.625938597630043e-17,
      0.5918953138590946,
      1.2580857251333261e-16,
      -0.1773611128845309,
      -0.9540493694721437,
      -0.24152191669942857,
      -1.1885373828768032e-16,
      0.5646973509807858,
      -0.2996494628892317,
      0.7689779588424354,
      1.9839223189520716,
      0.0,
      0.0,
      0.0,
      1.0
    ],
    "img_size": [
      512,
      512
    ]
  },
  "rgb_000052.exr": {
    "K": [
      811.9282694049824,
      0.0,
      256.0,
      0.0,
      0.0,
      811.9282694049824,
      256.0,
      0.0,
      0.0,
      0.0,
      1.0,
      0.0,
      0.0,
      0.0,
      0.0,
      1.0
    ],
    "W2C": [
      0.3855300432382816,
      1.4663211859516076e-17,
      -0.9226952832656558,
      9.56879526331945e-17,
      -0.13685636053457143,
      -0.9889390636217734,
      -0.05718273361882599,
      -1.593710654993964e-17,
      -0.9124894094409645,
      0.14832238011470222,
      -0.38126571995812797,
      1.9839223189520712,
      0.0,
      0.0,
      0.0,
      1.0
    ],
    "img_size": [
      512,
      512
    ]
  },
  "rgb_000053.exr": {
    "K": [
      811.9282694049824,
      0.0,
      256.0,
      0.0,
      0.0,
      811.9282694049824,
      256.0,
      0.0,
      0.0,
      0.0,
      1.0,
      0.0,
      0.0,
      0.0,
      0.0,
      1.0
    ],
    "W2C": [
      0.3285701132556568,
      2.903593558429611e-17,
      -0.9444795819260281,
      -7.974422966743191e-17,
      0.5581687386796266,
      -0.8066860573527492,
      0.19417843349216604,
      -2.777420459169332e-16,
      -0.7618985101940806,
      -0.5909802068366392,
      -0.26505292922615215,
      1.9839223189520716,
      0.0,
      0.0,
      0.0,
      1.0
    ],
    "img_size": [
      512,
      512
    ]
  },
  "rgb_000054.exr": {
    "K": [
      811.9282694049824,
      0.0,
      256.0,
      0.0,
      0.0,
      811.9282694049824,
      256.0,
      0.0,
      0.0,
      0.0,
      1.0,
      0.0,
      0.0,
      0.0,
      0.0,
      1.0
    ],
    "W2C": [
      -0.5016380869978747,
      -5.339363441343327e-17,
      -0.8650775859268998,
      8.554510616136302e-17,
      0.23932786911177434,
      -0.960969364745131,
      -0.1387805861342165,
      -7.097356394838722e-17,
      -0.8313130582034244,
      -0.27665480299705497,
      0.48205883379431036,
      1.9839223189520716,
      0.0,
      0.0,
      0.0,
      1.0
    ],
    "img_size": [
      512,
      512
    ]
  },
  "rgb_000055.exr": {
    "K": [
      811.9282694049824,
      0.0,
      256.0,
      0.0,
      0.0,
      811.9282694049824,
      256.0,
      0.0,
      0.0,
      0.0,
      1.0,
      0.0,
      0.0,
      0.0,
      0.0,
      1.0
    ],
    "W2C": [
      0.9999860299222509,
      2.6699916361874175e-19,
      -0.005285826362540934,
      -1.9846509982732127e-18,
      0.003526728390784823,
      -0.7448743774849177,
      0.6671954166159374,
      3.0972042388922897e-16,
      -0.0039372766212910455,
      -0.6672047375179949,
      -0.7448639715319508,
      1.9839223189520712,
      0.0,
      0.0,
      0.0,
      1.0
    ],
    "img_size": [
      512,
      512
    ]
  },
  "rgb_000056.exr": {
    "K": [
      811.9282694049824,
      0.0,
      256.0,
      0.0,
      0.0,
      811.9282694049824,
      256.0,
      0.0,
      0.0,
      0.0,
      1.0,
      0.0,
      0.0,
      0.0,
      0.0,
      1.0
    ],
    "W2C": [
      0.3660699702216682,
      -4.989392328327571e-18,
      0.9305873290035208,
      6.712204420834464e-17,
      0.11081887740108003,
      -0.9928840778882061,
      -0.04359339729421415,
      1.8555986562398922e-17,
      0.9239653420521095,
      0.11908487677319399,
      -0.3634650448261041,
      1.9839223189520716,
      0.0,
      0.0,
      0.0,
      1.0
    ],
    "img_size": [
      512,
      512
    ]
  },
  "rgb_000057.exr": {
    "K": [
      811.9282694049824,
      0.0,
      256.0,
      0.0,
      0.0,
      811.9282694049824,
      256.0,
      0.0,
      0.0,
      0.0,
      1.0,
      0.0,
      0.0,
      0.0,
      0.0,
      1.0
    ],
    "W2C": [
      -0.9928756979881538,
      4.618857250804961e-18,
      0.11915472439033413,
      -8.675770874610185e-18,
      -0.03786870394590459,
      -0.9481540232547232,
      -0.31554700037766026,
      3.0381168261010902e-18,
      0.11297703132050299,
      -0.31781118322973106,
      0.9413990876393095,
      1.9839223189520714,
