{
  "rgb_000000.exr": {
    "K": [
      811.9282694049824,
      0.0,
      256.0,
      0.0,
      0.0,
      811.9282694049824,
      256.0,
      0.0,
      0.0,
      0.0,
      1.0,
      0.0,
      0.0,
      0.0,
      0.0,
      1.0
    ],
    "W2C": [
      0.2826017855539384,
      1.912258792904813e-17,
      0.9592373172483052,
      -5.938324979519156e-18,
      -0.6043181746866448,
      -0.7765962617827058,
      0.17803873154043978,
      -5.636097305536181e-17,
      0.7449401147375053,
      -0.6299986080818964,
      -0.21946749023430645,
      2.0709540335092504,
      0.0,
      0.0,
      0.0,
      1.0
    ],
    "img_size": [
      512,
      512
    ]
  },
  "rgb_000001.exr": {
    "K": [
      811.9282694049824,
      0.0,
      256.0,
      0.0,
      0.0,
      811.9282694049824,
      256.0,
      0.0,
      0.0,
      0.0,
      1.0,
      0.0,
      0.0,
      0.0,
      0.0,
      1.0
    ],
    "W2C": [
      0.9499133582883449,
      4.767009393688582e-18,
      -0.3125133785061985,
      1.0952921991492315e-16,
      -0.05896713731482243,
      -0.9820373241561504,
      -0.1792360752781723,
      6.649970553475573e-17,
      -0.3068998019912254,
      0.18868676149700536,
      -0.932850372553669,
      2.0709540335092513,
      0.0,
      0.0,
      0.0,
      1.0
    ],
    "img_size": [
      512,
      512
    ]
  },
  "rgb_000002.exr": {
    "K": [
      811.9282694049824,
      0.0,
      256.0,
      0.0,
      0.0,
      811.9282694049824,
      256.0,
      0.0,
      0.0,
      0.0,
      1.0,
      0.0,
      0.0,
      0.0,
      0.0,
      1.0
    ],
    "W2C": [
      -0.41140013798283304,
      1.8646712154841695e-18,
      -0.9114548406079732,
      2.705119399201597e-17,
      -0.1499773950670346,
      -0.9863692005496274,
      0.06769476476061864,
      -2.7509211691824066e-17,
      -0.8990309824675747,
      0.164547258278857,
      0.4057924252081335,
      2.0709540335092513,
      0.0,
      0.0,
      0.0,
      1.0
    ],
    "img_size": [
      512,
      512
    ]
  },
  "rgb_000003.exr": {
    "K": [
      811.9282694049824,
      0.0,
      256.0,
      0.0,
      0.0,
      811.9282694049824,
      256.0,
      0.0,
      0.0,
      0.0,
      1.0,
      0.0,
      0.0,
      0.0,
      0.0,
      1.0
    ],
    "W2C": [
      0.4169074463335486,
      -2.9235887818649062e-18,
      -0.9089489431159703,
      -1.7126120017872137e-16,
      -0.3704197691673659,
      -0.9131938783871025,
      -0.1699003681170744,
      1.509125230335327e-16,
      -0.8300466106199307,
      0.4075253862967583,
      -0.38071732784579604,
      2.0709540335092513,
      0.0,
      0.0,
      0.0,
      1.0
    ],
    "img_size": [
      512,
      512
    ]
  },
  "rgb_000004.exr": {
    "K": [
      811.9282694049824,
      0.0,
      256.0,
      0.0,
      0.0,
      811.9282694049824,
      256.0,
      0.0,
      0.0,
      0.0,
      1.0,
      0.0,
      0.0,
      0.0,
      0.0,
      1.0
    ],
    "W2C": [
      0.8962789362552861,
      1.6396102020514717e-17,
      0.44349077603158,
      -5.2232222305672153e-17,
      -0.1005726541202196,
      -0.9739471573099256,
      0.20325372324050872,
      -2.822271636819101e-17,
      0.4319365806091303,
      -0.22677507527926136,
      -0.8729283221225997,
      2.070954033509251,
      0.0,
      0.0,
      0.0,
      1.0
    ],
    "img_size": [
      512,
      512
    ]
  },
  "rgb_000005.exr": {
    "K": [
      811.9282694049824,
      0.0,
      256.0,
      0.0,
      0.0,
      811.9282694049824,
      256.0,
      0.0,
      0.0,
      0.0,
      1.0,
      0.0,
      0.0,
      0.0,
      0.0,
      1.0
    ],
    "W2C": [
      0.9797901093014357,
      1.772817914177144e-17,
      -0.20002835227807228,
      -8.603078859416389e-17,
      0.08677982248302885,
      -0.9009910805821354,
      0.42506980029313995,
      2.427065085685375e-16,
      -0.18022376126608436,
      -0.4338376109922189,
      -0.8827821493231891,
      2.0709540335092504,
      0.0,
      0.0,
      0.0,
      1.0
    ],
    "img_size": [
      512,
      512
    ]
  },
  "rgb_000006.exr": {
    "K": [
      811.9282694049824,
      0.0,
      256.0,
      0.0,
      0.0,
      811.9282694049824,
      256.0,
      0.0,
      0.0,
      0.0,
      1.0,
      0.0,
      0.0,
      0.0,
      0.0,
      1.0
    ],
    "W2C": [
      -0.020789212745104202,
      -8.260331552435799e-21,
      -0.9997838809630003,
      9.934349211541995e-18,
      -0.015153455151427162,
      -0.9998851301580439,
      0.0003150965013188415,
      7.095332555582464e-18,
      -0.999669035946604,
      0.015156730809493774,
      0.020786824691521783,
      2.0709540335092513,
      0.0,
      0.0,
      0.0,
      1.0
    ],
    "img_size": [
      512,
      512
    ]
  },
  "rgb_000007.exr": {
    "K": [
      811.9282694049824,
      0.0,
      256.0,
      0.0,
      0.0,
      811.9282694049824,
      256.0,
      0.0,
      0.0,
      0.0,
      1.0,
      0.0,
      0.0,
      0.0,
      0.0,
      1.0
    ],
    "W2C": [
      -0.9281410484561379,
      4.741704233223425e-18,
      -0.37222868531420483,
      7.385622985530562e-18,
      0.03883507337505933,
      -0.9945426065500478,
      -0.0968340892072111,
      -8.119466629072253e-18,
      -0.37019728692508674,
      -0.10433122138955508,
      0.9230758175776616,
      2.070954033509251,
      0.0,
      0.0,
      0.0,
      1.0
    ],
    "img_size": [
      512,
      512
    ]
  },
  "rgb_000008.exr": {
    "K": [
      811.9282694049824,
      0.0,
      256.0,
      0.0,
      0.0,
      811.9282694049824,
      256.0,
      0.0,
      0.0,
      0.0,
      1.0,
      0.0,
      0.0,
      0.0,
      0.0,
      1.0
    ],
    "W2C": [
      0.9997870474417934,
      8.4948615034804465e-19,
      -0.02063637002045942,
      3.0630834644857946e-19,
      -0.004147658005209694,
      -0.9795937505106984,
      -0.20094496981376575,
      -1.6760198455572712e-17,
      -0.02021525910526838,
      0.20098777067369897,
      -0.9793851435155239,
      2.070954033509251,
      0.0,
      0.0,
      0.0,
      1.0
    ],
    "img_size": [
      512,
      512
    ]
  },
  "rgb_000009.exr": {
    "K": [
      811.9282694049824,
      0.0,
      256.0,
      0.0,
      0.0,
      811.9282694049824,
      256.0,
      0.0,
      0.0,
      0.0,
      1.0,
      0.0,
      0.0,
      0.0,
      0.0,
      1.0
    ],
    "W2C": [
      0.6523100861687585,
      8.072883544607239e-19,
      -0.7579522092338719,
      1.2940532892890778e-16,
      -0.007697022893457084,
      -0.999948436414139,
      -0.006624224595834219,
      -1.5462937892795837e-18,
      -0.7579131265000524,
      0.010155024023529313,
      -0.6522764507216224,
      2.070954033509251,
      0.0,
      0.0,
      0.0,
      1.0
    ],
    "img_size": [
      512,
      512
    ]
  },
  "rgb_000010.exr": {
    "K": [
      811.9282694049824,
      0.0,
      256.0,
      0.0,
      0.0,
      811.9282694049824,
      256.0,
      0.0,
      0.0,
      0.0,
      1.0,
      0.0,
      0.0,
      0.0,
      0.0,
      1.0
    ],
    "W2C": [
      0.4667720048237617,
      9.20151803528234e-18,
      -0.8843776882717057,
      -5.353141780782763e-17,
      -0.3423517162227705,
      -0.9220334116125432,
      -0.1806922529314907,
      3.785528615215635e-18,
      -0.8154257770711751,
      0.3871103045258989,
      -0.43037938405287934,
      2.070954033509251,
      0.0,
      0.0,
      0.0,
      1.0
    ],
    "img_size": [
      512,
      512
    ]
  },
  "rgb_000011.exr": {
    "K": [
      811.9282694049824,
      0.0,
      256.0,
      0.0,
      0.0,
      811.9282694049824,
      256.0,
      0.0,
      0.0,
      0.0,
      1.0,
      0.0,
      0.0,
      0.0,
      0.0,
      1.0
    ],
    "W2C": [
      -0.1673359344098584,
      -1.1242279388838649e-17,
      0.9858999366341289,
      -2.3201120118802756e-17,
      0.416793478084695,
      -0.9062443197594107,
      0.0707419926908056,
      -4.489924368258873e-17,
      0.8934662174258423,
      0.42275434108215043,
      0.15164724005056746,
      2.070954033509251,
      0.0,
      0.0,
      0.0,
      1.0
    ],
    "img_size": [
      512,
      512
    ]
  },
  "rgb_000012.exr": {
    "K": [
      811.9282694049824,
      0.0,
      256.0,
      0.0,
      0.0,
      811.9282694049824,
      256.0,
      0.0,
      0.0,
      0.0,
      1.0,
      0.0,
      0.0,
      0.0,
      0.0,
      1.0
    ],
    "W2C": [
      -0.8580326168595775,
      7.143959865458887e-19,
      -0.5135951989700694,
      2.4082525906342644e-16,
      0.004710171869539301,
      -0.999957945668428,
      -0.007869000923652907,
      5.54703044118965e-18,
      -0.5135736000672783,
      -0.009170981113111598,
      0.8579965328714086,
      2.0709540335092504,
      0.0,
      0.0,
      0.0,
      1.0
    ],
    "img_size": [
      512,
      512
    ]
  },
  "rgb_000013.exr": {
    "K": [
      811.9282694049824,
      0.0,
      256.0,
      0.0,
      0.0,
      811.9282694049824,
      256.0,
      0.0,
      0.0,
      0.0,
      1.0,
      0.0,
      0.0,
      0.0,
      0.0,
      1.0
    ],
    "W2C": [
      0.9776187077257235,
      -1.2592159577134362e-17,
      -0.2103845581421949,
      1.276385281046129e-17,
      -0.0545554537064384,
      -0.9657933325384277,
      -0.25350925287886916,
      4.250878288796635e-17,
      -0.20318800352277502,
      0.2593130132182297,
      -0.9441776296863376,
      2.070954033509251,
      0.0,
      0.0,
      0.0,
      1.0
    ],
    "img_size": [
      512,
      512
    ]
  },
  "rgb_000014.exr": {
    "K": [
      811.9282694049824,
      0.0,
      256.0,
      0.0,
      0.0,
      811.9282694049824,
      256.0,
      0.0,
      0.0,
      0.0,
      1.0,
      0.0,
      0.0,
      0.0,
      0.0,
      1.0
    ],
    "W2C": [
      -0.11416946338074614,
      7.988589091384351e-18,
      -0.9934612894478337,
      -6.133529118433794e-17,
      0.445452886194019,
      -0.893840657567917,
      -0.051191845639443234,
      2.6117271355065807e-16,
      -0.8879960922283222,
      -0.4483847442526944,
      0.10204930822242234,
      2.0709540335092504,
      0.0,
      0.0,
      0.0,
      1.0
    ],
    "img_size": [
      512,
      512
    ]
  },
  "rgb_000015.exr": {
    "K": [
      811.9282694049824,
      0.0,
      256.0,
      0.0,
      0.0,
      811.9282694049824,
      256.0,
      0.0,
      0.0,
      0.0,
      1.0,
      0.0,
      0.0,
      0.0,
      0.0,
      1.0
    ],
    "W2C": [
      0.1587208940017599,
      -2.5080549402751007e-18,
      -0.9873234919757972,
      4.726236090443579e-17,
      0.07743190500978715,
      -0.9969199320678149,
      0.01244785654073553,
      2.7526350873718474e-17,
      -0.9842824685494693,
      -0.07842607376315246,
      -0.15823202286597735,
      2.070954033509251,
      0.0,
      0.0,
      0.0,
      1.0
    ],
    "img_size": [
      512,
      512
    ]
  },
  "rgb_000016.exr": {
    "K": [
      811.9282694049824,
      0.0,
      256.0,
      0.0,
      0.0,
      811.9282694049824,
      256.0,
      0.0,
      0.0,
      0.0,
      1.0,
      0.0,
      0.0,
      0.0,
      0.0,
      1.0
    ],
    "W2C": [
      0.7786882336607186,
      -7.658950733552014e-20,
      -0.6274110572490336,
      3.6107614419764834e-16,
      -0.00043929692019326814,
      -0.999999754878143,
      -0.0005452172684647353,
      3.217565776336243e-19,
      -0.62741090345687,
      0.0007001740168868292,
      -0.7786880427872129,
      2.0709540335092513,
      0.0,
      0.0,
      0.0,
      1.0
    ],
    "img_size": [
      512,
      512
    ]
  },
  "rgb_000017.exr": {
    "K": [
      811.9282694049824,
      0.0,
      256.0,
      0.0,
      0.0,
      811.9282694049824,
      256.0,
      0.0,
      0.0,
      0.0,
      1.0,
      0.0,
      0.0,
      0.0,
      0.0,
      1.0
    ],
    "W2C": [
      -0.17554126177131482,
      8.692673859056695e-18,
      -0.9844720744722701,
      -2.772274404882109e-18,
      -0.11791008652556521,
      -0.9928016819406722,
      0.021024553058407384,
      1.010264239865539e-17,
      -0.9773855313596924,
      0.11976986405507885,
      0.1742776599365492,
      2.0709540335092504,
      0.0,
      0.0,
      0.0,
      1.0
    ],
    "img_size": [
      512,
      512
    ]
  },
  "rgb_000018.exr": {
    "K": [
      811.9282694049824,
      0.0,
      256.0,
      0.0,
      0.0,
      811.9282694049824,
      256.0,
      0.0,
      0.0,
      0.0,
      1.0,
      0.0,
      0.0,
      0.0,
      0.0,
      1.0
    ],
    "W2C": [
      0.5334342470998218,
      5.5331751299003894e-17,
      -0.84584153599894,
      -3.2411016604715406e-16,
      0.4313553209368378,
      -0.8601911269542698,
      0.2720364170632694,
      -2.588926246316495e-16,
      -0.727585384075659,
      -0.509971788542409,
      -0.4588554061687982,
      2.0709540335092513,
      0.0,
      0.0,
      0.0,
      1.0
    ],
    "img_size": [
      512,
      512
    ]
  },
  "rgb_000019.exr": {
    "K": [
      811.9282694049824,
      0.0,
      256.0,
      0.0,
      0.0,
      811.9282694049824,
      256.0,
      0.0,
      0.0,
      0.0,
      1.0,
      0.0,
      0.0,
      0.0,
      0.0,
      1.0
    ],
    "W2C": [
      0.4415972074072726,
      1.8358509100617702e-17,
      0.8972134118536673,
      4.878055844252156e-17,
      0.10848333144016366,
      -0.9926633028817112,
      -0.053394137427391866,
      -7.346769490756934e-18,
      0.8906308288004305,
      0.12091140191053784,
      -0.43835734244824337,
      2.0709540335092504,
      0.0,
      0.0,
      0.0,
      1.0
    ],
    "img_size": [
      512,
      512
    ]
  },
  "rgb_000020.exr": {
    "K": [
      811.9282694049824,
      0.0,
      256.0,
      0.0,
      0.0,
      811.9282694049824,
      256.0,
      0.0,
      0.0,
      0.0,
      1.0,
      0.0,
      0.0,
      0.0,
      0.0,
      1.0
    ],
    "W2C": [
      0.9075710203447559,
      1.6784040089974877e-18,
      -0.41989861041729903,
      3.567790901419517e-16,
      -0.019628714364084556,
      -0.9989067932824214,
      -0.042425604375694,
      4.6746005260742065e-17,
      -0.4194395744356889,
      0.046746318937748735,
      -0.9065788576086357,
      2.070954033509252,
      0.0,
      0.0,
      0.0,
      1.0
    ],
    "img_size": [
      512,
      512
    ]
  },
  "rgb_000021.exr": {
    "K": [
      811.9282694049824,
      0.0,
      256.0,
      0.0,
      0.0,
      811.9282694049824,
      256.0,
      0.0,
      0.0,
      0.0,
      1.0,
      0.0,
      0.0,
      0.0,
      0.0,
      1.0
    ],
    "W2C": [
      0.9911719533339792,
      1.351770120786191e-18,
      0.13258264940822304,
      -3.4144774616482947e-17,
      0.027417782743728598,
      -0.9783837306597928,
      -0.20497204875212469,
      1.17393416015679e-16,
      0.12971670714877664,
      0.20679766821757367,
      -0.9697465134282529,
      2.0709540335092513,
      0.0,
      0.0,
      0.0,
      1.0
    ],
    "img_size": [
      512,
      512
    ]
  },
  "rgb_000022.exr": {
    "K": [
      811.9282694049824,
      0.0,
      256.0,
      0.0,
      0.0,
      811.9282694049824,
      256.0,
      0.0,
      0.0,
      0.0,
      1.0,
      0.0,
      0.0,
      0.0,
      0.0,
      1.0
    ],
    "W2C": [
      0.9929955575500052,
      1.7584760168422284e-17,
      0.11815169353824057,
      -8.944416775962318e-20,
      -0.08159155795936567,
      -0.7232692567517548,
      0.6857291009630025,
      3.597987117104954e-17,
      0.08545548756936436,
      -0.6905661316903431,
      -0.7182031588669867,
      2.0709540335092513,
      0.0,
      0.0,
      0.0,
      1.0
    ],
    "img_size": [
      512,
      512
    ]
  },
  "rgb_000023.exr": {
    "K": [
      811.9282694049824,
      0.0,
      256.0,
      0.0,
      0.0,
      811.9282694049824,
      256.0,
      0.0,
      0.0,
      0.0,
      1.0,
      0.0,
      0.0,
      0.0,
      0.0,
      1.0
    ],
    "W2C": [
      -0.6519774344216117,
      -4.7186113933658805e-17,
      0.758238369515163,
      -8.935859214712639e-17,
      -0.13520729274841436,
      -0.9839729730403607,
      -0.11625909131658652,
      -2.248135425305698e-17,
      0.7460860627251104,
      -0.178317661284893,
      0.6415281745030601,
      2.070954033509251,
      0.0,
      0.0,
      0.0,
      1.0
    ],
    "img_size": [
      512,
      512
    ]
  },
  "rgb_000024.exr": {
    "K": [
      811.9282694049824,
      0.0,
      256.0,
      0.0,
      0.0,
      811.9282694049824,
      256.0,
      0.0,
      0.0,
      0.0,
      1.0,
      0.0,
      0.0,
      0.0,
      0.0,
      1.0
    ],
    "W2C": [
      -0.559636799846667,
      4.7994808613108555e-17,
      0.8287379877002029,
      8.633567773680619e-17,
      -0.24818109518984505,
      -0.9541061221855884,
      -0.16759370990090297,
      3.64510833808885e-17,
      0.7907039877525285,
      -0.2994687088962367,
      0.5339528969340558,
      2.070954033509251,
      0.0,
      0.0,
      0.0,
      1.0
    ],
    "img_size": [
      512,
      512
    ]
  },
  "rgb_000025.exr": {
    "K": [
      811.9282694049824,
      0.0,
      256.0,
      0.0,
      0.0,
      811.9282694049824,
      256.0,
      0.0,
      0.0,
      0.0,
      1.0,
      0.0,
      0.0,
      0.0,
      0.0,
      1.0
    ],
    "W2C": [
      0.8412722049319961,
      1.4255395632377097e-17,
      -0.5406117619964049,
      1.140755218044106e-16,
      -0.1385043437981074,
      -0.9666239854733056,
      -0.2155333325886237,
      5.1812313151514805e-17,
      -0.5225682959747112,
      0.25619927928802344,
      -0.8131938915992816,
      2.070954033509251,
      0.0,
      0.0,
      0.0,
      1.0
    ],
    "img_size": [
      512,
      512
    ]
  },
  "rgb_000026.exr": {
    "K": [
      811.9282694049824,
      0.0,
      256.0,
      0.0,
      0.0,
      811.9282694049824,
      256.0,
      0.0,
      0.0,
      0.0,
      1.0,
      0.0,
      0.0,
      0.0,
      0.0,
      1.0
    ],
    "W2C": [
      0.015207052033563415,
      -4.638503039085062e-19,
      -0.9998843660986247,
      -6.061358068928089e-18,
      0.3422419077365374,
      -0.9395974582778137,
      0.00520509238415493,
      -1.4463797021642092e-16,
      -0.9394888089579909,
      -0.34228148708025696,
      -0.01428850743863464,
      2.0709540335092513,
      0.0,
      0.0,
      0.0,
      1.0
    ],
    "img_size": [
      512,
      512
    ]
  },
  "rgb_000027.exr": {
    "K": [
      811.9282694049824,
      0.0,
      256.0,
      0.0,
      0.0,
      811.9282694049824,
      256.0,
      0.0,
      0.0,
      0.0,
      1.0,
      0.0,
      0.0,
      0.0,
      0.0,
      1.0
    ],
    "W2C": [
      -0.8435044088177154,
      -1.3733281298958002e-18,
      -0.5371222508005755,
      2.414572994519073e-16,
      0.0033088959779632066,
      -0.9999810244633948,
      -0.005196337224107007,
      2.528862769068333e-18,
      -0.537112058617644,
      -0.006160415013586438,
      0.843488402868929,
      2.0709540335092504,
      0.0,
      0.0,
      0.0,
      1.0
    ],
    "img_size": [
      512,
      512
    ]
  },
  "rgb_000028.exr": {
    "K": [
      811.9282694049824,
      0.0,
      256.0,
      0.0,
      0.0,
      811.9282694049824,
      256.0,
      0.0,
      0.0,
      0.0,
      1.0,
      0.0,
      0.0,
      0.0,
      0.0,
      1.0
    ],
    "W2C": [
      -0.06643704460231509,
      9.10043650735856e-18,
      -0.9977906188697656,
      -3.262896738672429e-17,
      0.5397563450066085,
      -0.8410537797936324,
      -0.03593921980165174,
      3.787194720970406e-16,
      -0.8391955714430438,
      -0.5409515130719613,
      0.05587712748109524,
      2.0709540335092504,
      0.0,
      0.0,
      0.0,
      1.0
    ],
    "img_size": [
      512,
      512
    ]
  },
  "rgb_000029.exr": {
    "K": [
      811.9282694049824,
      0.0,
      256.0,
      0.0,
      0.0,
      811.9282694049824,
      256.0,
      0.0,
      0.0,
      0.0,
      1.0,
      0.0,
      0.0,
      0.0,
      0.0,
      1.0
    ],
    "W2C": [
      0.9307534245875558,
      -1.9869205724117532e-19,
      0.36564745673741145,
      -1.54948316680709e-16,
      -0.016856563537606544,
      -0.9989368026001649,
      0.042908282145313115,
      -1.496864362892012e-17,
      0.36525870131215177,
      -0.04610059013677767,
      -0.9297638499666466,
      2.070954033509251,
      0.0,
      0.0,
      0.0,
      1.0
    ],
    "img_size": [
      512,
      512
    ]
  },
  "rgb_000030.exr": {
    "K": [
      811.9282694049824,
      0.0,
      256.0,
      0.0,
      0.0,
      811.9282694049824,
      256.0,
      0.0,
      0.0,
      0.0,
      1.0,
      0.0,
      0.0,
      0.0,
      0.0,
      1.0
    ],
    "W2C": [
      -0.612528201489755,
      -2.0019839291065087e-17,
      0.790448734820751,
      -2.6159619967462726e-16,
      -0.35887140223572644,
      -0.8909967349278387,
      -0.27809375218672966,
      -2.368706965114388e-16,
      0.7042872418531302,
      -0.45400971173305393,
      0.545760627578593,
      2.0709540335092513,
      0.0,
      0.0,
      0.0,
      1.0
    ],
    "img_size": [
      512,
      512
    ]
  },
  "rgb_000031.exr": {
    "K": [
      811.9282694049824,
      0.0,
      256.0,
      0.0,
      0.0,
      811.9282694049824,
      256.0,
      0.0,
      0.0,
      0.0,
      1.0,
      0.0,
      0.0,
      0.0,
      0.0,
      1.0
    ],
    "W2C": [
      -0.9805246426131429,
      8.295385317773553e-18,
      -0.1963960927013784,
      1.0900824348579169e-16,
      -0.041619413436728314,
      -0.9772879516623043,
      0.2077885558948813,
      -9.379886846920829e-17,
      -0.19193553515061015,
      0.21191568968742625,
      0.9582549195338113,
      2.0709540335092504,
      0.0,
      0.0,
      0.0,
      1.0
    ],
    "img_size": [
      512,
      512
    ]
  },
  "rgb_000032.exr": {
    "K": [
      811.9282694049824,
      0.0,
      256.0,
      0.0,
      0.0,
      811.9282694049824,
      256.0,
      0.0,
      0.0,
      0.0,
      1.0,
      0.0,
      0.0,
      0.0,
      0.0,
      1.0
    ],
    "W2C": [
      0.20910094749318456,
      7.153051870638718e-19,
      -0.9778940606003558,
      -2.687493224681451e-17,
      -0.17789020125995025,
      -0.9833149020270384,
      -0.03803787253843493,
      -2.5001455485821658e-17,
      -0.9615778023920617,
      0.18191152643951902,
      -0.2056120776980217,
      2.070954033509251,
      0.0,
      0.0,
      0.0,
      1.0
    ],
    "img_size": [
      512,
      512
    ]
  },
  "rgb_000033.exr": {
    "K": [
      811.9282694049824,
      0.0,
      256.0,
      0.0,
      0.0,
      811.9282694049824,
      256.0,
      0.0,
      0.0,
      0.0,
      1.0,
      0.0,
      0.0,
      0.0,
      0.0,
      1.0
    ],
    "W2C": [
      0.8389268785221874,
      3.3638942190205216e-17,
      -0.5442441478720916,
      1.0265158620536317e-16,
      -0.16561107468797065,
      -0.9525776690602268,
      -0.25528171957365126,
      1.2691711667445671e-17,
      -0.5184348217796663,
      0.30429555436743555,
      -0.7991430104546372,
      2.0709540335092504,
      0.0,
      0.0,
      0.0,
      1.0
    ],
    "img_size": [
      512,
      512
    ]
  },
  "rgb_000034.exr": {
    "K": [
      811.9282694049824,
      0.0,
      256.0,
      0.0,
      0.0,
      811.9282694049824,
      256.0,
      0.0,
      0.0,
      0.0,
      1.0,
      0.0,
      0.0,
      0.0,
      0.0,
      1.0
    ],
    "W2C": [
      0.200243035174278,
      1.7473077552285813e-17,
      -0.9797462563665108,
      1.1858693013240673e-17,
      0.5344616785816028,
      -0.8381041151032157,
      0.109234639079329,
      -1.1735158454849828e-16,
      -0.8211293692177429,
      -0.5455103044370985,
      -0.16782451180032038,
      2.070954033509251,
      0.0,
      0.0,
      0.0,
      1.0
    ],
    "img_size": [
      512,
      512
    ]
  },
  "rgb_000035.exr": {
    "K": [
      811.9282694049824,
      0.0,
      256.0,
      0.0,
      0.0,
      811.9282694049824,
      256.0,
      0.0,
      0.0,
      0.0,
      1.0,
      0.0,
      0.0,
      0.0,
      0.0,
      1.0
    ],
    "W2C": [
      0.9644442812326848,
      -1.2143600170465134e-17,
      -0.2642862622187738,
      -3.7082345075801016e-17,
      -0.04779524640420647,
      -0.9835113330450909,
      -0.17441637593136122,
      1.1025690054464616e-17,
      -0.2599285340602906,
      0.18084650334432434,
      -0.9485418806828719,
      2.070954033509251,
      0.0,
      0.0,
      0.0,
      1.0
    ],
    "img_size": [
      512,
      512
    ]
  },
  "rgb_000036.exr": {
    "K": [
      811.9282694049824,
      0.0,
      256.0,
      0.0,
      0.0,
      811.9282694049824,
      256.0,
      0.0,
      0.0,
      0.0,
      1.0,
      0.0,
      0.0,
      0.0,
      0.0,
      1.0
    ],
    "W2C": [
      0.9806355840822693,
      -2.7232900194064407e-18,
      -0.19584139304964762,
      9.360039498405426e-17,
      0.08384549545391863,
      -0.9037173526845655,
      0.41983911126631307,
      -2.6391995134973895e-16,
      -0.17698526527288502,
      -0.42812959072785506,
      -0.8862173939951111,
      2.0709540335092513,
      0.0,
      0.0,
      0.0,
      1.0
    ],
    "img_size": [
      512,
      512
    ]
  },
  "rgb_000037.exr": {
    "K": [
      811.9282694049824,
      0.0,
      256.0,
      0.0,
      0.0,
      811.9282694049824,
      256.0,
      0.0,
      0.0,
      0.0,
      1.0,
      0.0,
      0.0,
      0.0,
      0.0,
      1.0
    ],
    "W2C": [
      -0.9733344819252105,
      3.299513305952745e-18,
      0.22939046687990763,
      -1.4093391564646803e-16,
      -0.0968340686694996,
      -0.9065323212877335,
      -0.41087992601924983,
      2.4152685445163984e-16,
      0.20794987242191965,
      -0.422136412147393,
      0.8823591672890545,
      2.0709540335092504,
      0.0,
      0.0,
      0.0,
      1.0
    ],
    "img_size": [
      512,
      512
    ]
  },
  "rgb_000038.exr": {
    "K": [
      811.9282694049824,
      0.0,
      256.0,
      0.0,
      0.0,
      811.9282694049824,
      256.0,
      0.0,
      0.0,
      0.0,
      1.0,
      0.0,
      0.0,
      0.0,
      0.0,
      1.0
    ],
    "W2C": [
      0.827489810591882,
      5.4217731963063014e-18,
      0.5614807328543084,
      -4.1585972945449456e-16,
      0.19206372385444187,
      -0.9396757634120583,
      -0.28305650608161226,
      1.8824653227451026e-16,
      0.5276098362860343,
      0.34206645502879274,
      -0.7775721194836265,
      2.0709540335092513,
      0.0,
      0.0,
      0.0,
      1.0
    ],
    "img_size": [
      512,
      512
    ]
  },
  "rgb_000039.exr": {
    "K": [
      811.9282694049824,
      0.0,
      256.0,
      0.0,
      0.0,
      811.9282694049824,
      256.0,
      0.0,
      0.0,
      0.0,
      1.0,
      0.0,
      0.0,
      0.0,
      0.0,
      1.0
    ],
    "W2C": [
      -0.48912209043157767,
      2.846077931161446e-17,
      -0.8722153292919378,
      2.983887812297547e-16,
      -0.1959191270465,
      -0.974445875247858,
      0.10986779268636239,
      1.0308717523860531e-16,
      -0.849926629956481,
      0.22462243034130883,
      0.47662300351366066,
      2.0709540335092513,
      0.0,
      0.0,
      0.0,
      1.0
    ],
    "img_size": [
      512,
      512
    ]
  },
  "rgb_000040.exr": {
    "K": [
      811.9282694049824,
      0.0,
      256.0,
      0.0,
      0.0,
      811.9282694049824,
      256.0,
      0.0,
      0.0,
      0.0,
      1.0,
      0.0,
      0.0,
      0.0,
      0.0,
      1.0
    ],
    "W2C": [
      0.9739753114991534,
      2.036912542964047e-17,
      -0.22665412546460936,
      2.3996319257405317e-17,
      0.14440115114114505,
      -0.770781856599354,
      0.6205188450694831,
      9.051352604895291e-18,
      -0.17470088763151453,
      -0.6370991520456237,
      -0.7507224988792518,
      2.0709540335092513,
      0.0,
      0.0,
      0.0,
      1.0
    ],
    "img_size": [
      512,
      512
    ]
  },
  "rgb_000041.exr": {
    "K": [
      811.9282694049824,
      0.0,
      256.0,
      0.0,
      0.0,
      811.9282694049824,
      256.0,
      0.0,
      0.0,
      0.0,
      1.0,
      0.0,
      0.0,
      0.0,
      0.0,
      1.0
    ],
    "W2C": [
      0.05528486814267489,
      -2.366207548339368e-19,
      0.9984706221789638,
      3.134136012331063e-17,
      -0.06959492072208041,
      -0.9975678914312699,
      0.0038534393802429775,
      -3.4231010536930626e-17,
      0.9960422332231372,
      -0.0697015206819038,
      -0.055150409341143965,
      2.070954033509251,
      0.0,
      0.0,
      0.0,
      1.0
    ],
    "img_size": [
      512,
      512
    ]
  },
  "rgb_000042.exr": {
    "K": [
      811.9282694049824,
      0.0,
      256.0,
      0.0,
      0.0,
      811.9282694049824,
      256.0,
      0.0,
      0.0,
      0.0,
      1.0,
      0.0,
      0.0,
      0.0,
      0.0,
      1.0
    ],
    "W2C": [
      -0.4879138413269239,
      -5.269981390808e-18,
      -0.8728917936615084,
      2.5809998387654704e-16,
      -0.09326694666003268,
      -0.9942753415843657,
      0.052132732309059085,
      4.106270305282788e-17,
      -0.8678947863089859,
      0.1068482340391894,
      0.48512070124906714,
      2.070954033509252,
      0.0,
      0.0,
      0.0,
      1.0
    ],
    "img_size": [
      512,
      512
    ]
  },
  "rgb_000043.exr": {
    "K": [
      811.9282694049824,
      0.0,
      256.0,
      0.0,
      0.0,
      811.9282694049824,
      256.0,
      0.0,
      0.0,
      0.0,
      1.0,
      0.0,
      0.0,
      0.0,
      0.0,
      1.0
    ],
    "W2C": [
      -0.5610898829001179,
      5.7111675895462504e-18,
      -0.8277548811738485,
      1.2318766473964924e-16,
      -0.08826858841368153,
      -0.9942981106630011,
      0.05983246135203338,
      1.1754074298143898e-17,
      -0.8230351144432345,
      0.10663614364738855,
      0.5578906104797117,
      2.070954033509251,
      0.0,
      0.0,
      0.0,
      1.0
    ],
    "img_size": [
      512,
      512
    ]
  },
  "rgb_000044.exr": {
    "K": [
      811.9282694049824,
      0.0,
      256.0,
      0.0,
      0.0,
      811.9282694049824,
      256.0,
      0.0,
      0.0,
      0.0,
      1.0,
      0.0,
      0.0,
      0.0,
      0.0,
      1.0
    ],
    "W2C": [
      -0.43055973229958017,
      2.568793406782645e-17,
      -0.9025620848019895,
      2.454015075148025e-16,
      -0.3297845465356379,
      -0.9308556623220116,
      0.15732097377442336,
      1.6077867083638296e-16,
      -0.8401550272350917,
      0.36538710421010906,
      0.40078896477891374,
      2.0709540335092513,
      0.0,
      0.0,
      0.0,
      1.0
    ],
    "img_size": [
      512,
      512
    ]
  },
  "rgb_000045.exr": {
    "K": [
      811.9282694049824,
      0.0,
      256.0,
      0.0,
      0.0,
      811.9282694049824,
      256.0,
      0.0,
      0.0,
      0.0,
      1.0,
      0.0,
      0.0,
      0.0,
      0.0,
      1.0
    ],
    "W2C": [
      -0.04408797797625287,
      4.813404866540425e-18,
      -0.9990276523690249,
      -7.49131703407574e-18,
      0.6241045845324169,
      -0.780855229754527,
      -0.02754228985803873,
      2.1514350080086274e-17,
      -0.7800959670217407,
      -0.6247120217868429,
      0.034426328172059456,
      2.070954033509251,
      0.0,
      0.0,
      0.0,
      1.0
    ],
    "img_size": [
      512,
      512
    ]
  },
  "rgb_000046.exr": {
    "K": [
      811.9282694049824,
      0.0,
      256.0,
      0.0,
      0.0,
      811.9282694049824,
      256.0,
      0.0,
      0.0,
      0.0,
      1.0,
      0.0,
      0.0,
      0.0,
      0.0,
      1.0
    ],
    "W2C": [
      -0.5836205836088659,
      -1.0661594575426414e-17,
      -0.8120264862601753,
      1.988674474509632e-17,
      0.5851385065052076,
      -0.6933609789290195,
      -0.4205514012620181,
      8.035090174813087e-17,
      -0.563027479429647,
      -0.720590419655016,
      0.4046597391741689,
      2.070954033509251,
      0.0,
      0.0,
      0.0,
      1.0
    ],
    "img_size": [
      512,
      512
    ]
  },
  "rgb_000047.exr": {
    "K": [
      811.9282694049824,
      0.0,
      256.0,
      0.0,
      0.0,
      811.9282694049824,
      256.0,
      0.0,
      0.0,
      0.0,
      1.0,
      0.0,
      0.0,
      0.0,
      0.0,
      1.0
    ],
    "W2C": [
      0.06960857526886301,
      2.531970356651398e-19,
      -0.9975743813115086,
      4.171752859106631e-17,
      0.04751735279186155,
      -0.9988649095835432,
      0.00331565774979195,
      1.7622972055064686e-17,
      -0.9964420441915789,
      -0.04763289202494416,
      -0.0695295632421721,
      2.0709540335092504,
      0.0,
      0.0,
      0.0,
      1.0
    ],
    "img_size": [
      512,
      512
    ]
  },
  "rgb_000048.exr": {
    "K": [
      811.9282694049824,
      0.0,
      256.0,
      0.0,
      0.0,
      811.9282694049824,
      256.0,
      0.0,
      0.0,
      0.0,
      1.0,
      0.0,
      0.0,
      0.0,
      0.0,
      1.0
    ],
    "W2C": [
      -0.5607248509428474,
      -5.541509015358402e-18,
      -0.8280021989917185,
      2.6191387563645738e-17,
      0.39773911708803,
      -0.8770714296454332,
      -0.26934977638333063,
      4.72188572695088e-17,
      -0.726217072419229,
      -0.48035997678794584,
      0.4917957466541657,
      2.070954033509251,
      0.0,
      0.0,
      0.0,
      1.0
    ],
    "img_size": [
      512,
      512
    ]
  },
  "rgb_000049.exr": {
    "K": [
      811.9282694049824,
      0.0,
      256.0,
      0.0,
      0.0,
      811.9282694049824,
      256.0,
      0.0,
      0.0,
      0.0,
      1.0,
      0.0,
      0.0,
      0.0,
      0.0,
      1.0
    ],
    "W2C": [
      -0.7982079457185917,
      -4.190589899857624e-17,
      0.6023820012182515,
      -1.22999756037407e-16,
      -0.31912706352417486,
      -0.8481380814374126,
      -0.42287079840313135,
      9.805902428373604e-17,
      0.5109031148056772,
      -0.5297752304663408,
      0.6769905556698649,
      2.070954033509251,
      0.0,
      0.0,
      0.0,
      1.0
    ],
    "img_size": [
      512,
      512
    ]
  },
  "rgb_000050.exr": {
    "K": [
      811.9282694049824,
      0.0,
      256.0,
      0.0,
      0.0,
      811.9282694049824,
      256.0,
      0.0,
      0.0,
      0.0,
      1.0,
      0.0,
      0.0,
      0.0,
      0.0,
      1.0
    ],
    "W2C": [
      -0.9986600066058815,
      -4.360501229137214e-18,
      -0.051751243520718006,
      6.392296714172431e-19,
      0.035514552534630185,
      -0.727360981725376,
      -0.6853354790332704,
      7.040367778549962e-17,
      -0.03764183529273845,
      -0.6862550562753598,
      0.7263863228147244,
      2.0709540335092504,
      0.0,
      0.0,
      0.0,
      1.0
    ],
    "img_size": [
      512,
      512
    ]
  },
  "rgb_000051.exr": {
    "K": [
      811.9282694049824,
      0.0,
      256.0,
      0.0,
      0.0,
      811.9282694049824,
      256.0,
      0.0,
      0.0,
      0.0,
      1.0,
      0.0,
      0.0,
      0.0,
      0.0,
      1.0
    ],
    "W2C": [
      0.562013749256972,
      -2.605134393179545e-17,
      -0.8271278895346968,
      -8.917563459808974e-18,
      -0.33378254166773197,
      -0.9149602158190047,
      -0.2267973067438617,
      1.2074451364736279e-17,
      -0.7567891123185838,
      0.4035440539376594,
      -0.514220221313407,
      2.070954033509251,
      0.0,
      0.0,
      0.0,
      1.0
    ],
    "img_size": [
      512,
      512
    ]
  },
  "rgb_000052.exr": {
    "K": [
      811.9282694049824,
      0.0,
      256.0,
      0.0,
      0.0,
      811.9282694049824,
      256.0,
      0.0,
      0.0,
      0.0,
      1.0,
      0.0,
      0.0,
      0.0,
      0.0,
      1.0
    ],
    "W2C": [
      -0.9792741705335148,
      1.7795712338449806e-17,
      0.20253912936984914,
      -1.1429286413763997e-16,
      -0.0567127037196175,
      -0.9599974834745606,
      -0.27420521687109084,
      7.733135320172854e-17,
      0.19443705450018361,
      -0.28000862794298154,
      0.9401007393438118,
      2.070954033509251,
      0.0,
      0.0,
      0.0,
      1.0
    ],
    "img_size": [
      512,
      512
    ]
  },
  "rgb_000053.exr": {
    "K": [
      811.9282694049824,
      0.0,
      256.0,
      0.0,
      0.0,
      811.9282694049824,
      256.0,
      0.0,
      0.0,
      0.0,
      1.0,
      0.0,
      0.0,
      0.0,
      0.0,
      1.0
    ],
    "W2C": [
      -0.06518472524575893,
      -2.503488604170822e-18,
      0.9978732141883733,
      -4.523308781008929e-18,
      0.35606760108023283,
      -0.9341706764542924,
      0.023259637011310712,
      3.8327049779950067e-17,
      0.9321838955139716,
      0.3568264946061738,
      0.06089365887731779,
      2.070954033509251,
      0.0,
      0.0,
      0.0,
      1.0
    ],
    "img_size": [
      512,
      512
    ]
  },
  "rgb_000054.exr": {
    "K": [
      811.9282694049824,
      0.0,
      256.0,
      0.0,
      0.0,
      811.9282694049824,
      256.0,
      0.0,
      0.0,
      0.0,
      1.0,
      0.0,
      0.0,
      0.0,
      0.0,
      1.0
    ],
    "W2C": [
      -0.9786498498045705,
      -5.398105902757898e-18,
      -0.20553459922234896,
      7.762187242289648e-18,
      0.1197417423948608,
      -0.8127684984776611,
      -0.5701484745315126,
      8.150588139621593e-17,
      -0.16705204759515643,
      -0.5825867899998832,
      0.7954157689610494,
      2.070954033509251,
      0.0,
      0.0,
      0.0,
      1.0
    ],
    "img_size": [
      512,
      512
    ]
  },
  "rgb_000055.exr": {
    "K": [
      811.9282694049824,
      0.0,
      256.0,
      0.0,
      0.0,
      811.9282694049824,
      256.0,
      0.0,
      0.0,
      0.0,
      1.0,
      0.0,
      0.0,
      0.0,
      0.0,
      1.0
    ],
    "W2C": [
      0.578183624893788,
      -1.369515310945291e-21,
      -0.8159066710749944,
      -2.440951792873274e-16,
      -0.09887498758369033,
      -0.9926300380955452,
      -0.07006671321506054,
      5.4974245422871553e-17,
      -0.8098934699915813,
      0.1211841882030674,
      -0.5739224336045414,
      2.0709540335092513,
      0.0,
      0.0,
      0.0,
      1.0
    ],
    "img_size": [
      512,
      512
    ]
  },
  "rgb_000056.exr": {
    "K": [
      811.9282694049824,
      0.0,
      256.0,
      0.0,
      0.0,
      811.9282694049824,
      256.0,
      0.0,
      0.0,
      0.0,
      1.0,
      0.0,
      0.0,
      0.0,
      0.0,
      1.0
    ],
    "W2C": [
      0.818969240080232,
      -5.806402582073056e-17,
      0.5738374193117834,
      2.4378175857636897e-16,
      -0.16988105422646593,
      -0.9551743417041647,
      0.24245082875692583,
      1.5833265837066991e-16,
      0.5481147792363494,
      -0.2960438767311623,
      -0.7822584047695953,
      2.07095403350925,
      0.0,
      0.0,
      0.0,
      1.0
    ],
    "img_size": [
      512,
      512
    ]
  },
  "rgb_000057.exr": {
    "K": [
      811.9282694049824,
      0.0,
      256.0,
      0.0,
      0.0,
      811.9282694049824,
      256.0,
      0.0,
      0.0,
      0.0,
      1.0,
      0.0,
      0.0,
      0.0,
      0.0,
      1.0
    ],
    "W2C": [
      -0.9471692422664739,
      -3.873341005532138e-19,
      -0.32073419914994045,
      2.5899484081305926e-17,
      0.21840896357004622,
      -0.7323153835749026,
      -0.6449896926399689,
      1.2530369613885856e-16,
      -0.23487858807607778,
      -0.6809656224652925,
      0.6936266069607228,
      2.070954033509251,
      0.0,
      0.0,
      0.0,
