{
  "rgb_000100.exr": {
    "K": [
      811.9282694049824,
      0.0,
      256.0,
      0.0,
      0.0,
      811.9282694049824,
      256.0,
      0.0,
      0.0,
      0.0,
      1.0,
      0.0,
      0.0,
      0.0,
      0.0,
      1.0
    ],
    "W2C": [
      -0.9263498445887507,
      -7.138078495581335e-18,
      0.3766642608881244,
      2.380584628400063e-17,
      -0.35286361235654806,
      -0.34983312172813186,
      -0.8678156820527256,
      2.5871587468018197e-18,
      0.1317696342299121,
      -0.9368120339438163,
      0.32406785794485266,
      2.3713905144570306,
      0.0,
      0.0,
      0.0,
      1.0
    ],
    "img_size": [
      512,
      512
    ]
  },
  "rgb_000101.exr": {
    "K": [
      811.9282694049824,
      0.0,
      256.0,
      0.0,
      0.0,
      811.9282694049824,
      256.0,
      0.0,
      0.0,
      0.0,
      1.0,
      0.0,
      0.0,
      0.0,
      0.0,
      1.0
    ],
    "W2C": [
      0.5541497997806029,
      6.268601093161712e-18,
      0.8324169624671988,
      1.1431831539157956e-17,
      -0.8298514081083739,
      -0.07845132078896716,
      0.5524418799539148,
      -2.6329657203157093e-17,
      0.06530421015269185,
      -0.996917945603582,
      -0.04347378370772999,
      2.3713905144570306,
      0.0,
      0.0,
      0.0,
      1.0
    ],
    "img_size": [
      512,
      512
    ]
  },
  "rgb_000102.exr": {
    "K": [
      811.9282694049824,
      0.0,
      256.0,
      0.0,
      0.0,
      811.9282694049824,
      256.0,
      0.0,
      0.0,
      0.0,
      1.0,
      0.0,
      0.0,
      0.0,
      0.0,
      1.0
    ],
    "W2C": [
      -0.18183775644080394,
      -1.769675138946284e-18,
      -0.9833285464851383,
      1.4614259188279963e-17,
      0.8671848874950694,
      -0.4714604061210525,
      -0.16036039523628093,
      1.5727507001115226e-16,
      -0.46360047587630765,
      -0.8818872294461307,
      0.08572930249972247,
      2.371390514457031,
      0.0,
      0.0,
      0.0,
      1.0
    ],
    "img_size": [
      512,
      512
    ]
  },
  "rgb_000103.exr": {
    "K": [
      811.9282694049824,
      0.0,
      256.0,
      0.0,
      0.0,
      811.9282694049824,
      256.0,
      0.0,
      0.0,
      0.0,
      1.0,
      0.0,
      0.0,
      0.0,
      0.0,
      1.0
    ],
    "W2C": [
      -0.44118129292275826,
      -1.888761921651457e-17,
      0.8974180000284169,
      -8.65245025612195e-18,
      -0.8026535401445646,
      -0.4472615538232106,
      -0.39459396468400987,
      -2.811853633426755e-16,
      0.4013805691216277,
      -0.8944032102310722,
      0.19732343059036578,
      2.37139051445703,
      0.0,
      0.0,
      0.0,
      1.0
    ],
    "img_size": [
      512,
      512
    ]
  },
  "rgb_000104.exr": {
    "K": [
      811.9282694049824,
      0.0,
      256.0,
      0.0,
      0.0,
      811.9282694049824,
      256.0,
      0.0,
      0.0,
      0.0,
      1.0,
      0.0,
      0.0,
      0.0,
      0.0,
      1.0
    ],
    "W2C": [
      0.8835122698083954,
      -2.2546874866885413e-17,
      0.468408015621015,
      7.043722827704278e-18,
      -0.4177519434397568,
      -0.45232177875625146,
      0.7879646706642925,
      -4.882541408971049e-17,
      0.21187114680938351,
      -0.891854813555873,
      -0.3996318414327066,
      2.3713905144570306,
      0.0,
      0.0,
      0.0,
      1.0
    ],
    "img_size": [
      512,
      512
    ]
  },
  "rgb_000105.exr": {
    "K": [
      811.9282694049824,
      0.0,
      256.0,
      0.0,
      0.0,
      811.9282694049824,
      256.0,
      0.0,
      0.0,
      0.0,
      1.0,
      0.0,
      0.0,
      0.0,
      0.0,
      1.0
    ],
    "W2C": [
      -0.9850596921256027,
      -7.14069354588185e-18,
      -0.17221324847238909,
      1.0038476612939482e-18,
      0.1579077736231286,
      -0.3990443542025568,
      -0.9032323833922539,
      -7.30720652193922e-18,
      -0.06872072452178894,
      -0.9169316241569295,
      0.39308250869523054,
      2.3713905144570306,
      0.0,
      0.0,
      0.0,
      1.0
    ],
    "img_size": [
      512,
      512
    ]
  },
  "rgb_000106.exr": {
    "K": [
      811.9282694049824,
      0.0,
      256.0,
      0.0,
      0.0,
      811.9282694049824,
      256.0,
      0.0,
      0.0,
      0.0,
      1.0,
      0.0,
      0.0,
      0.0,
      0.0,
      1.0
    ],
    "W2C": [
      -0.7346442519059249,
      4.892361810800322e-17,
      -0.6784525209191755,
      1.93900780231986e-17,
      0.6233606626304931,
      -0.394728589766406,
      -0.6749894997004744,
      -1.2344836374043458e-16,
      -0.26780460680588924,
      -0.918797769055315,
      0.289985089534822,
      2.3713905144570298,
      0.0,
      0.0,
      0.0,
      1.0
    ],
    "img_size": [
      512,
      512
    ]
  },
  "rgb_000107.exr": {
    "K": [
      811.9282694049824,
      0.0,
      256.0,
      0.0,
      0.0,
      811.9282694049824,
      256.0,
      0.0,
      0.0,
      0.0,
      1.0,
      0.0,
      0.0,
      0.0,
      0.0,
      1.0
    ],
    "W2C": [
      0.99438045136798,
      1.220874099402824e-19,
      -0.10586556539882194,
      -3.754862060497667e-18,
      0.10365771243023171,
      -0.20316387734922356,
      0.9736423971839769,
      -5.81132833627198e-17,
      -0.021508058744192468,
      -0.97914474871718,
      -0.20202218806018987,
      2.3713905144570306,
      0.0,
      0.0,
      0.0,
      1.0
    ],
    "img_size": [
      512,
      512
    ]
  },
  "rgb_000108.exr": {
    "K": [
      811.9282694049824,
      0.0,
      256.0,
      0.0,
      0.0,
      811.9282694049824,
      256.0,
      0.0,
      0.0,
      0.0,
      1.0,
      0.0,
      0.0,
      0.0,
      0.0,
      1.0
    ],
    "W2C": [
      -0.9069367701284947,
      -2.164995584129657e-17,
      0.4212667741335574,
      9.259197901798865e-18,
      -0.40488232071456,
      -0.27617730515122846,
      -0.8716630097074195,
      -4.389362667030764e-18,
      0.11634432242995717,
      -0.9611067038156611,
      0.2504753531166469,
      2.3713905144570306,
      0.0,
      0.0,
      0.0,
      1.0
    ],
    "img_size": [
      512,
      512
    ]
  },
  "rgb_000109.exr": {
    "K": [
      811.9282694049824,
      0.0,
      256.0,
      0.0,
      0.0,
      811.9282694049824,
      256.0,
      0.0,
      0.0,
      0.0,
      1.0,
      0.0,
      0.0,
      0.0,
      0.0,
      1.0
    ],
    "W2C": [
      -0.6274084949997508,
      4.611802598152792e-17,
      -0.7786902981302307,
      -1.4346230928929186e-17,
      0.7056100440077984,
      -0.4229569390868021,
      -0.5685260710588708,
      -2.4776361843306448e-17,
      -0.32935246499375176,
      -0.9061497821432852,
      0.2653667766021518,
      2.3713905144570306,
      0.0,
      0.0,
      0.0,
      1.0
    ],
    "img_size": [
      512,
      512
    ]
  },
  "rgb_000110.exr": {
    "K": [
      811.9282694049824,
      0.0,
      256.0,
      0.0,
      0.0,
      811.9282694049824,
      256.0,
      0.0,
      0.0,
      0.0,
      1.0,
      0.0,
      0.0,
      0.0,
      0.0,
      1.0
    ],
    "W2C": [
      0.7129241320462212,
      5.613194071844003e-17,
      -0.7012411724550565,
      5.964152513805212e-17,
      0.5814095380996583,
      -0.5590781728204577,
      0.5910960545313093,
      -1.1340707686783731e-18,
      -0.3920486334026484,
      -0.8291149478062366,
      -0.39858032110401204,
      2.3713905144570306,
      0.0,
      0.0,
      0.0,
      1.0
    ],
    "img_size": [
      512,
      512
    ]
  },
  "rgb_000111.exr": {
    "K": [
      811.9282694049824,
      0.0,
      256.0,
      0.0,
      0.0,
      811.9282694049824,
      256.0,
      0.0,
      0.0,
      0.0,
      1.0,
      0.0,
      0.0,
      0.0,
      0.0,
      1.0
    ],
    "W2C": [
      0.3867685205694788,
      -1.651126651993276e-17,
      0.9221768330946603,
      -3.626913185673384e-17,
      -0.765113617162817,
      -0.5582361531340827,
      0.32089492075458514,
      -1.381458951823403e-16,
      0.5147924478161341,
      -0.8296821061913177,
      -0.21590817107606616,
      2.37139051445703,
      0.0,
      0.0,
      0.0,
      1.0
    ],
    "img_size": [
      512,
      512
    ]
  },
  "rgb_000112.exr": {
    "K": [
      811.9282694049824,
      0.0,
      256.0,
      0.0,
      0.0,
      811.9282694049824,
      256.0,
      0.0,
      0.0,
      0.0,
      1.0,
      0.0,
      0.0,
      0.0,
      0.0,
      1.0
    ],
    "W2C": [
      -0.9808245164292305,
      -2.902001366108255e-18,
      -0.19489296542298867,
      4.0202977212407746e-18,
      0.17718903712719755,
      -0.4164453231923523,
      -0.8917271656247521,
      -1.1809096630960094e-16,
      -0.08116226397349245,
      -0.9091607628968692,
      0.4084597827393535,
      2.3713905144570306,
      0.0,
      0.0,
      0.0,
      1.0
    ],
    "img_size": [
      512,
      512
    ]
  },
  "rgb_000113.exr": {
    "K": [
      811.9282694049824,
      0.0,
      256.0,
      0.0,
      0.0,
      811.9282694049824,
      256.0,
      0.0,
      0.0,
      0.0,
      1.0,
      0.0,
      0.0,
      0.0,
      0.0,
      1.0
    ],
    "W2C": [
      0.401229780031487,
      -4.9389101627537084e-17,
      0.9159774361936458,
      -3.419526821979514e-17,
      -0.8056962450767834,
      -0.47570900090611973,
      0.35292280618581834,
      3.398046964797021e-17,
      0.43573871102422834,
      -0.8796027208103105,
      -0.1908686177925609,
      2.37139051445703,
      0.0,
      0.0,
      0.0,
      1.0
    ],
    "img_size": [
      512,
      512
    ]
  },
  "rgb_000114.exr": {
    "K": [
      811.9282694049824,
      0.0,
      256.0,
      0.0,
      0.0,
      811.9282694049824,
      256.0,
      0.0,
      0.0,
      0.0,
      1.0,
      0.0,
      0.0,
      0.0,
      0.0,
      1.0
    ],
    "W2C": [
      -0.9853655332362248,
      -1.4735093802400187e-18,
      -0.17045458606353295,
      -2.005747326485959e-18,
      0.16690382614171692,
      -0.20304754188844218,
      -0.9648392656563665,
      -8.996355238437828e-18,
      -0.03461038470381227,
      -0.9791688800881394,
      0.20007604938520954,
      2.3713905144570306,
      0.0,
      0.0,
      0.0,
      1.0
    ],
    "img_size": [
      512,
      512
    ]
  },
  "rgb_000115.exr": {
    "K": [
      811.9282694049824,
      0.0,
      256.0,
      0.0,
      0.0,
      811.9282694049824,
      256.0,
      0.0,
      0.0,
      0.0,
      1.0,
      0.0,
      0.0,
      0.0,
      0.0,
      1.0
    ],
    "W2C": [
      -0.9976805528434095,
      5.685473876376434e-20,
      0.06806992344691552,
      7.141379156342402e-20,
      -0.06687185475737074,
      -0.18679223193906563,
      -0.9801208176181808,
      -9.486352683242707e-17,
      0.012714932928570689,
      -0.9823994412087285,
      0.1863589772278214,
      2.37139051445703,
      0.0,
      0.0,
      0.0,
      1.0
    ],
    "img_size": [
      512,
      512
    ]
  },
  "rgb_000116.exr": {
    "K": [
      811.9282694049824,
      0.0,
      256.0,
      0.0,
      0.0,
      811.9282694049824,
      256.0,
      0.0,
      0.0,
      0.0,
      1.0,
      0.0,
      0.0,
      0.0,
      0.0,
      1.0
    ],
    "W2C": [
      0.061015422996780935,
      -1.5137077813642182e-18,
      -0.9981368233646747,
      1.0875682598061084e-18,
      0.9758349789317391,
      -0.2102087479191877,
      0.05965212646284791,
      -7.51219359039595e-17,
      -0.20981709189152373,
      -0.9776565257278484,
      -0.012825975671912933,
      2.37139051445703,
      0.0,
      0.0,
      0.0,
      1.0
    ],
    "img_size": [
      512,
      512
    ]
  },
  "rgb_000117.exr": {
    "K": [
      811.9282694049824,
      0.0,
      256.0,
      0.0,
      0.0,
      811.9282694049824,
      256.0,
      0.0,
      0.0,
      0.0,
      1.0,
      0.0,
      0.0,
      0.0,
      0.0,
      1.0
    ],
    "W2C": [
      -0.7944490664134274,
      4.943343935703864e-17,
      0.6073307837371934,
      -1.3635386797591363e-16,
      -0.5337607117921537,
      -0.4770737597608551,
      -0.6982120954944674,
      1.821906891325571e-16,
      0.2897415804160096,
      -0.8788632588449934,
      0.379010803052355,
      2.3713905144570306,
      0.0,
      0.0,
      0.0,
      1.0
    ],
    "img_size": [
      512,
      512
    ]
  },
  "rgb_000118.exr": {
    "K": [
      811.9282694049824,
      0.0,
      256.0,
      0.0,
      0.0,
      811.9282694049824,
      256.0,
      0.0,
      0.0,
      0.0,
      1.0,
      0.0,
      0.0,
      0.0,
      0.0,
      1.0
    ],
    "W2C": [
      -0.9223842218854978,
      8.571971325293973e-18,
      -0.386273668810967,
      -3.344125115954526e-17,
      0.3726733392287825,
      -0.2630179197539744,
      -0.8899079481139386,
      -5.622496057287834e-17,
      -0.10159689682639622,
      -0.9647909482827314,
      0.24260357925421203,
      2.3713905144570306,
      0.0,
      0.0,
      0.0,
      1.0
    ],
    "img_size": [
      512,
      512
    ]
  },
  "rgb_000119.exr": {
    "K": [
      811.9282694049824,
      0.0,
      256.0,
      0.0,
      0.0,
      811.9282694049824,
      256.0,
      0.0,
      0.0,
      0.0,
      1.0,
      0.0,
      0.0,
      0.0,
      0.0,
      1.0
    ],
    "W2C": [
      -0.24397610325015956,
      1.526952767352265e-17,
      -0.9697812439116709,
      -7.258299198949927e-17,
      0.7986813362396297,
      -0.5672167466851782,
      -0.20093104643723478,
      2.5646741292115383e-16,
      -0.550076162167883,
      -0.8235685534792367,
      0.13838733155448257,
      2.3713905144570306,
      0.0,
      0.0,
      0.0,
      1.0
    ],
    "img_size": [
      512,
      512
    ]
  },
  "rgb_000120.exr": {
    "K": [
      811.9282694049824,
      0.0,
      256.0,
      0.0,
      0.0,
      811.9282694049824,
      256.0,
      0.0,
      0.0,
      0.0,
      1.0,
      0.0,
      0.0,
      0.0,
      0.0,
      1.0
    ],
    "W2C": [
      0.6287418369759398,
      3.89249097457293e-17,
      0.7776141089487258,
      -1.1495736785528706e-16,
      -0.7282298539625216,
      -0.35068735580647453,
      0.5888120738191327,
      2.9379063452514983e-16,
      0.27269943570503646,
      -0.936492593925581,
      -0.22049181229399784,
      2.371390514457031,
      0.0,
      0.0,
      0.0,
      1.0
    ],
    "img_size": [
      512,
      512
    ]
  },
  "rgb_000121.exr": {
    "K": [
      811.9282694049824,
      0.0,
      256.0,
      0.0,
      0.0,
      811.9282694049824,
      256.0,
      0.0,
      0.0,
      0.0,
      1.0,
      0.0,
      0.0,
      0.0,
      0.0,
      1.0
    ],
    "W2C": [
      -0.9033269495625645,
      2.2628944640199114e-17,
      0.42895270391267154,
      1.3397537217974415e-18,
      -0.40386895058613914,
      -0.33694797860880726,
      -0.8505033394783876,
      2.0110710971131553e-17,
      0.14453474650215686,
      -0.9415232656240835,
      0.3043741896779661,
      2.3713905144570306,
      0.0,
      0.0,
      0.0,
      1.0
    ],
    "img_size": [
      512,
      512
    ]
  },
  "rgb_000122.exr": {
    "K": [
      811.9282694049824,
      0.0,
      256.0,
      0.0,
      0.0,
      811.9282694049824,
      256.0,
      0.0,
      0.0,
      0.0,
      1.0,
      0.0,
      0.0,
      0.0,
      0.0,
      1.0
    ],
    "W2C": [
      -0.3427527053545313,
      1.8722802785760835e-17,
      0.9394256665495945,
      2.4504911311025282e-17,
      -0.9058438600616056,
      -0.2649839139852298,
      -0.330500267046425,
      8.400144226243419e-17,
      0.24893269002049492,
      -0.9642528326787887,
      0.09082395339386995,
      2.3713905144570306,
      0.0,
      0.0,
      0.0,
      1.0
    ],
    "img_size": [
      512,
      512
    ]
  },
  "rgb_000123.exr": {
    "K": [
      811.9282694049824,
      0.0,
      256.0,
      0.0,
      0.0,
      811.9282694049824,
      256.0,
      0.0,
      0.0,
      0.0,
      1.0,
      0.0,
      0.0,
      0.0,
      0.0,
      1.0
    ],
    "W2C": [
      -0.4397245329574506,
      1.6004788911445107e-17,
      -0.8981326934898606,
      3.157458484408959e-17,
      0.743946476714363,
      -0.5602467121822033,
      -0.3642351730315419,
      3.3717206874965793e-18,
      -0.5031758886310409,
      -0.8283257942917337,
      0.2463542238552666,
      2.3713905144570306,
      0.0,
      0.0,
      0.0,
      1.0
    ],
    "img_size": [
      512,
      512
    ]
  },
  "rgb_000124.exr": {
    "K": [
      811.9282694049824,
      0.0,
      256.0,
      0.0,
      0.0,
      811.9282694049824,
      256.0,
      0.0,
      0.0,
      0.0,
      1.0,
      0.0,
      0.0,
      0.0,
      0.0,
      1.0
    ],
    "W2C": [
      -0.19267187581663164,
      9.82242644690304e-18,
      0.9812632410669935,
      -1.3476205522994014e-17,
      -0.8993701611525009,
      -0.39993567431089555,
      -0.17659209960248387,
      1.299555736024216e-16,
      0.39244217599262293,
      -0.9165432103362554,
      0.07705635657546972,
      2.371390514457031,
      0.0,
      0.0,
      0.0,
      1.0
    ],
    "img_size": [
      512,
      512
    ]
  },
  "rgb_000125.exr": {
    "K": [
      811.9282694049824,
      0.0,
      256.0,
      0.0,
      0.0,
      811.9282694049824,
      256.0,
      0.0,
      0.0,
      0.0,
      1.0,
      0.0,
      0.0,
      0.0,
      0.0,
      1.0
    ],
    "W2C": [
      0.9520267252203092,
      -2.095923396718456e-17,
      -0.3060148925563819,
      2.0344955225312202e-17,
      0.28089297026835874,
      -0.39679741608688984,
      0.8738712432850656,
      -1.334352184037626e-17,
      -0.1214259186504796,
      -0.917906210125396,
      -0.37776174461308226,
      2.3713905144570306,
      0.0,
      0.0,
      0.0,
      1.0
    ],
    "img_size": [
      512,
      512
    ]
  },
  "rgb_000126.exr": {
    "K": [
      811.9282694049824,
      0.0,
      256.0,
      0.0,
      0.0,
      811.9282694049824,
      256.0,
      0.0,
      0.0,
      0.0,
      1.0,
      0.0,
      0.0,
      0.0,
      0.0,
      1.0
    ],
    "W2C": [
      -0.8441092537728566,
      -1.9629153141389944e-17,
      -0.5361712111770187,
      7.193209400319657e-18,
      0.5046968537130673,
      -0.3375769514892388,
      -0.7945582972163607,
      1.7001632862555238e-16,
      -0.18099904294543084,
      -0.9412979346749,
      0.2849518286124971,
      2.371390514457031,
      0.0,
      0.0,
      0.0,
      1.0
    ],
    "img_size": [
      512,
      512
    ]
  },
  "rgb_000127.exr": {
    "K": [
      811.9282694049824,
      0.0,
      256.0,
      0.0,
      0.0,
      811.9282694049824,
      256.0,
      0.0,
      0.0,
      0.0,
      1.0,
      0.0,
      0.0,
      0.0,
      0.0,
      1.0
    ],
    "W2C": [
      -0.949708193944943,
      -3.6650361485935374e-18,
      -0.3131363063489043,
      4.045215180280717e-18,
      0.308824220259939,
      -0.16538331704865297,
      -0.9366301081124959,
      -3.116887783078551e-18,
      -0.05178752103234496,
      -0.9862293640132528,
      0.15706589134290008,
      2.3713905144570306,
      0.0,
      0.0,
      0.0,
      1.0
    ],
    "img_size": [
      512,
      512
    ]
  },
  "rgb_000128.exr": {
    "K": [
      811.9282694049824,
      0.0,
      256.0,
      0.0,
      0.0,
      811.9282694049824,
      256.0,
      0.0,
      0.0,
      0.0,
      1.0,
      0.0,
      0.0,
      0.0,
      0.0,
      1.0
    ],
    "W2C": [
      -0.7695432496371165,
      4.796010797519471e-17,
      0.6385946969228187,
      -8.805352060255382e-17,
      -0.5496638201350568,
      -0.5090453179523722,
      -0.6623764406327449,
      5.118291447083009e-17,
      0.32507364053777493,
      -0.8607397192361745,
      0.39173238818962763,
      2.3713905144570306,
      0.0,
      0.0,
      0.0,
      1.0
    ],
    "img_size": [
      512,
      512
    ]
  },
  "rgb_000129.exr": {
    "K": [
      811.9282694049824,
      0.0,
      256.0,
      0.0,
      0.0,
      811.9282694049824,
      256.0,
      0.0,
      0.0,
      0.0,
      1.0,
      0.0,
      0.0,
      0.0,
      0.0,
      1.0
    ],
    "W2C": [
      0.6442268791393876,
      -2.076152500775006e-17,
      -0.7648344449580736,
      9.808730470279877e-18,
      0.7237730596510737,
      -0.3232506911757048,
      0.6096405078222347,
      1.569838288858216e-17,
      -0.24723326296768397,
      -0.9463133681051056,
      -0.20824678395577437,
      2.3713905144570306,
      0.0,
      0.0,
      0.0,
      1.0
    ],
    "img_size": [
      512,
      512
    ]
  },
  "rgb_000130.exr": {
    "K": [
      811.9282694049824,
      0.0,
      256.0,
      0.0,
      0.0,
      811.9282694049824,
      256.0,
      0.0,
      0.0,
      0.0,
      1.0,
      0.0,
      0.0,
      0.0,
      0.0,
      1.0
    ],
    "W2C": [
      0.4780289169669924,
      -6.277774632466586e-19,
      0.8783440980295616,
      -4.4630588266817466e-17,
      -0.7318409618718466,
      -0.5529637602417594,
      0.39829622943957727,
      5.073750903234547e-17,
      0.485692455232583,
      -0.8332053047474519,
      -0.264332667430364,
      2.371390514457031,
      0.0,
      0.0,
      0.0,
      1.0
    ],
    "img_size": [
      512,
      512
    ]
  },
  "rgb_000131.exr": {
    "K": [
      811.9282694049824,
      0.0,
      256.0,
      0.0,
      0.0,
      811.9282694049824,
      256.0,
      0.0,
      0.0,
      0.0,
      1.0,
      0.0,
      0.0,
      0.0,
      0.0,
      1.0
    ],
    "W2C": [
      -0.866970414952684,
      -1.717410503028909e-17,
      -0.4983596087131973,
      -9.266001833368421e-18,
      0.4909044597399696,
      -0.1723222849002995,
      -0.8540010781809053,
      -2.5862108506992938e-17,
      -0.08587846647547735,
      -0.9850406235921136,
      0.14939832284560725,
      2.3713905144570306,
      0.0,
      0.0,
      0.0,
      1.0
    ],
    "img_size": [
      512,
      512
    ]
  },
  "rgb_000132.exr": {
    "K": [
      811.9282694049824,
      0.0,
      256.0,
      0.0,
      0.0,
      811.9282694049824,
      256.0,
      0.0,
      0.0,
      0.0,
      1.0,
      0.0,
      0.0,
      0.0,
      0.0,
      1.0
    ],
    "W2C": [
      0.11169197172670531,
      6.132821323207232e-18,
      0.9937428759250557,
      -3.433561097606742e-17,
      -0.8447446506139327,
      -0.5266800442955323,
      0.09494528003013579,
      2.014385526608405e-17,
      0.5233845419105779,
      -0.8500636040561059,
      -0.05882593261647648,
      2.37139051445703,
      0.0,
      0.0,
      0.0,
      1.0
    ],
    "img_size": [
      512,
      512
    ]
  },
  "rgb_000133.exr": {
    "K": [
      811.9282694049824,
      0.0,
      256.0,
      0.0,
      0.0,
      811.9282694049824,
      256.0,
      0.0,
      0.0,
      0.0,
      1.0,
      0.0,
      0.0,
      0.0,
      0.0,
      1.0
    ],
    "W2C": [
      -0.820086595110675,
      -4.1658360720065826e-17,
      -0.5722394398499457,
      8.689033883485856e-17,
      0.5331642555644456,
      -0.36318941824983186,
      -0.7640872483295079,
      9.800371447516708e-17,
      -0.20783130925871143,
      -0.9317153248022426,
      0.2978467733927315,
      2.3713905144570306,
      0.0,
      0.0,
      0.0,
      1.0
    ],
    "img_size": [
      512,
      512
    ]
  },
  "rgb_000134.exr": {
    "K": [
      811.9282694049824,
      0.0,
      256.0,
      0.0,
      0.0,
      811.9282694049824,
      256.0,
      0.0,
      0.0,
      0.0,
      1.0,
      0.0,
      0.0,
      0.0,
      0.0,
      1.0
    ],
    "W2C": [
      0.667356877430962,
      -5.5294436211056215e-17,
      0.7447380735168546,
      1.2734985090164247e-16,
      -0.6392999104090462,
      -0.5129433020316393,
      0.5728741514956522,
      -9.946344793534078e-17,
      0.3820084065784173,
      -0.8584224885805813,
      -0.3423162403429617,
      2.3713905144570306,
      0.0,
      0.0,
      0.0,
      1.0
    ],
    "img_size": [
      512,
      512
    ]
  },
  "rgb_000135.exr": {
    "K": [
      811.9282694049824,
      0.0,
      256.0,
      0.0,
      0.0,
      811.9282694049824,
      256.0,
      0.0,
      0.0,
      0.0,
      1.0,
      0.0,
      0.0,
      0.0,
      0.0,
      1.0
    ],
    "W2C": [
      -0.8246361740007576,
      3.738661670118319e-17,
      -0.5656634870038831,
      2.462993904679926e-18,
      0.5140337117311113,
      -0.4173908826758562,
      -0.7493691975675318,
      2.2560808913490106e-17,
      -0.2361027821380535,
      -0.9087270498114766,
      0.3441956205526171,
      2.371390514457031,
      0.0,
      0.0,
      0.0,
      1.0
    ],
    "img_size": [
      512,
      512
    ]
  },
  "rgb_000136.exr": {
    "K": [
      811.9282694049824,
      0.0,
      256.0,
      0.0,
      0.0,
      811.9282694049824,
      256.0,
      0.0,
      0.0,
      0.0,
      1.0,
      0.0,
      0.0,
      0.0,
      0.0,
      1.0
    ],
    "W2C": [
      0.9334948456952198,
      -7.717568802213055e-19,
      -0.35859081563874146,
      4.4951478631185796e-17,
      0.3170238511523187,
      -0.4673309323441756,
      0.8252864214773415,
      -1.4907914514746584e-16,
      -0.16758058020251138,
      -0.8840824620329958,
      -0.4362510165772293,
      2.37139051445703,
      0.0,
      0.0,
      0.0,
      1.0
    ],
    "img_size": [
      512,
      512
    ]
  },
  "rgb_000137.exr": {
    "K": [
      811.9282694049824,
      0.0,
      256.0,
      0.0,
      0.0,
      811.9282694049824,
      256.0,
      0.0,
      0.0,
      0.0,
      1.0,
      0.0,
      0.0,
      0.0,
      0.0,
      1.0
    ],
    "W2C": [
      -0.5163742609263555,
      6.812273792935859e-18,
      -0.8563630203673906,
      9.76288829705444e-17,
      0.787436951077961,
      -0.39305953423466117,
      -0.474812858528785,
      7.050430298329147e-17,
      -0.3366016499213943,
      -0.9195130246751437,
      0.20296582649048073,
      2.371390514457031,
      0.0,
      0.0,
      0.0,
      1.0
    ],
    "img_size": [
      512,
      512
    ]
  },
  "rgb_000138.exr": {
    "K": [
      811.9282694049824,
      0.0,
      256.0,
      0.0,
      0.0,
      811.9282694049824,
      256.0,
      0.0,
      0.0,
      0.0,
      1.0,
      0.0,
      0.0,
      0.0,
      0.0,
      1.0
    ],
    "W2C": [
      -0.7537922680573933,
      -4.092070280571821e-17,
      -0.6571127883528752,
      8.064520687328429e-17,
      0.5929436770905459,
      -0.4310105575335766,
      -0.6801821043609849,
      1.7921706497946764e-16,
      -0.28322254927041596,
      -0.9023468841274932,
      0.3248924257199164,
      2.371390514457031,
      0.0,
      0.0,
      0.0,
      1.0
    ],
    "img_size": [
      512,
      512
    ]
  },
  "rgb_000139.exr": {
    "K": [
      811.9282694049824,
      0.0,
      256.0,
      0.0,
      0.0,
      811.9282694049824,
      256.0,
      0.0,
      0.0,
      0.0,
      1.0,
      0.0,
      0.0,
      0.0,
      0.0,
      1.0
    ],
    "W2C": [
      -0.07160161047848063,
      -6.915826002738961e-19,
      -0.9974333107415693,
      4.093527389977697e-20,
      0.9780341824647419,
      -0.19626469476901784,
      -0.07020902732375645,
      -9.95182754259828e-17,
      -0.19576094428514504,
      -0.9805509520607403,
      0.01405286822552911,
      2.37139051445703,
      0.0,
      0.0,
      0.0,
      1.0
    ],
    "img_size": [
      512,
      512
    ]
  },
  "rgb_000140.exr": {
    "K": [
      811.9282694049824,
      0.0,
      256.0,
      0.0,
      0.0,
      811.9282694049824,
      256.0,
      0.0,
      0.0,
      0.0,
      1.0,
      0.0,
      0.0,
      0.0,
      0.0,
      1.0
    ],
    "W2C": [
      0.9362335717898456,
      -8.923283664257102e-18,
      -0.3513782848350592,
      -5.010235902703639e-17,
      0.3151979055292122,
      -0.441963635810319,
      0.8398323790919957,
      1.756455597277306e-16,
      -0.15529642431049662,
      -0.8970329674105204,
      -0.41378119335592145,
      2.3713905144570306,
      0.0,
      0.0,
      0.0,
      1.0
    ],
    "img_size": [
      512,
      512
    ]
  },
  "rgb_000141.exr": {
    "K": [
      811.9282694049824,
      0.0,
      256.0,
      0.0,
      0.0,
      811.9282694049824,
      256.0,
      0.0,
      0.0,
      0.0,
      1.0,
      0.0,
      0.0,
      0.0,
      0.0,
      1.0
    ],
    "W2C": [
      0.8804421950652368,
      -6.700099953418194e-18,
      -0.47415349956391484,
      -1.61479365583955e-17,
      0.4269385625053155,
      -0.4350160986561238,
      0.7927701165885986,
      -1.9757001975502516e-16,
      -0.2062644055444423,
      -0.900422675142072,
      -0.38300652878951325,
      2.37139051445703,
      0.0,
      0.0,
      0.0,
      1.0
    ],
    "img_size": [
      512,
      512
    ]
  },
  "rgb_000142.exr": {
    "K": [
      811.9282694049824,
      0.0,
      256.0,
      0.0,
      0.0,
      811.9282694049824,
      256.0,
      0.0,
      0.0,
      0.0,
      1.0,
      0.0,
      0.0,
      0.0,
      0.0,
      1.0
    ],
    "W2C": [
      0.9255404760908178,
      2.663763647967589e-19,
      0.3786486856144918,
      1.0278088265975046e-17,
      -0.37180165635715573,
      -0.18931089910458568,
      0.9088041108018212,
      1.1587478305095793e-16,
      0.07168232311844902,
      -0.981917197873738,
      -0.175214899686439,
      2.371390514457031,
      0.0,
      0.0,
      0.0,
      1.0
    ],
    "img_size": [
      512,
      512
    ]
  },
  "rgb_000143.exr": {
    "K": [
      811.9282694049824,
      0.0,
      256.0,
      0.0,
      0.0,
      811.9282694049824,
      256.0,
      0.0,
      0.0,
      0.0,
      1.0,
      0.0,
      0.0,
      0.0,
      0.0,
      1.0
    ],
    "W2C": [
      -0.9793840089749821,
      -1.272720611872718e-17,
      -0.2020073339363997,
      -1.8771574173876286e-17,
      0.17214126652621597,
      -0.5232918201401046,
      -0.8345855590250809,
      -1.842259489599407e-16,
      -0.10570878545722848,
      -0.8521535489420065,
      0.5125036406726309,
      2.3713905144570306,
      0.0,
      0.0,
      0.0,
      1.0
    ],
    "img_size": [
      512,
      512
    ]
  },
  "rgb_000144.exr": {
    "K": [
      811.9282694049824,
      0.0,
      256.0,
      0.0,
      0.0,
      811.9282694049824,
      256.0,
      0.0,
      0.0,
      0.0,
      1.0,
      0.0,
      0.0,
      0.0,
      0.0,
      1.0
    ],
    "W2C": [
      0.503284289648934,
      4.319931017832199e-18,
      0.8641208965142366,
      1.0009267243380216e-17,
      -0.7684246369984357,
      -0.457409968808395,
      0.4475485422705851,
      -6.350382953902258e-17,
      0.39525751232125933,
      -0.8892559364067824,
      -0.23020725123007418,
      2.3713905144570306,
      0.0,
      0.0,
      0.0,
      1.0
    ],
    "img_size": [
      512,
      512
    ]
  },
  "rgb_000145.exr": {
    "K": [
      811.9282694049824,
      0.0,
      256.0,
      0.0,
      0.0,
      811.9282694049824,
      256.0,
      0.0,
      0.0,
      0.0,
      1.0,
      0.0,
      0.0,
      0.0,
      0.0,
      1.0
    ],
    "W2C": [
      -0.9250586454806703,
      1.3384034419702656e-17,
      -0.37982430467450035,
      2.4688262363053154e-17,
      0.3547629627925383,
      -0.35722439331119604,
      -0.8640219748676002,
      3.357726188145243e-17,
      -0.13568250680219526,
      -0.9340185934034975,
      0.3304535134091092,
      2.3713905144570306,
      0.0,
      0.0,
      0.0,
      1.0
    ],
    "img_size": [
      512,
      512
    ]
  },
  "rgb_000146.exr": {
    "K": [
      811.9282694049824,
      0.0,
      256.0,
      0.0,
      0.0,
      811.9282694049824,
      256.0,
      0.0,
      0.0,
      0.0,
      1.0,
      0.0,
      0.0,
      0.0,
      0.0,
      1.0
    ],
    "W2C": [
      0.6468767113401133,
      8.942721218923979e-18,
      -0.7625945976243207,
      -4.291811239723582e-17,
      0.6364457724939119,
      -0.5508876090063571,
      0.5398700037211613,
      2.0242525878998813e-17,
      -0.42010391452642715,
      -0.8345794403430143,
      -0.3563563648320505,
      2.3713905144570306,
      0.0,
      0.0,
      0.0,
      1.0
    ],
    "img_size": [
      512,
      512
    ]
  },
  "rgb_000147.exr": {
    "K": [
      811.9282694049824,
      0.0,
      256.0,
      0.0,
      0.0,
      811.9282694049824,
      256.0,
      0.0,
      0.0,
      0.0,
      1.0,
      0.0,
      0.0,
      0.0,
      0.0,
      1.0
    ],
    "W2C": [
      -0.17783090089393402,
      -8.595192989658808e-18,
      0.9840610604465821,
      5.698037960382536e-20,
      -0.9044847647448092,
      -0.39394317069710255,
      -0.16345056930350774,
      2.3820105935194028e-17,
      0.3876641343118797,
      -0.9191347987434235,
      0.07005526894607858,
      2.3713905144570306,
      0.0,
      0.0,
      0.0,
      1.0
    ],
    "img_size": [
      512,
      512
    ]
  },
  "rgb_000148.exr": {
    "K": [
      811.9282694049824,
      0.0,
      256.0,
      0.0,
      0.0,
      811.9282694049824,
      256.0,
      0.0,
      0.0,
      0.0,
      1.0,
      0.0,
      0.0,
      0.0,
      0.0,
      1.0
    ],
    "W2C": [
      0.7148663993934341,
      -2.4858822960911867e-17,
      -0.6992610607049895,
      -4.526613471202375e-17,
      0.6514030457826565,
      -0.36358978654692314,
      0.665940341970541,
      5.236885583063166e-17,
      -0.25424417980230224,
      -0.9315591592157542,
      -0.25991812156502625,
      2.3713905144570306,
      0.0,
      0.0,
      0.0,
      1.0
    ],
    "img_size": [
      512,
      512
    ]
  },
  "rgb_000149.exr": {
    "K": [
      811.9282694049824,
      0.0,
      256.0,
      0.0,
      0.0,
      811.9282694049824,
      256.0,
      0.0,
      0.0,
      0.0,
      1.0,
      0.0,
      0.0,
      0.0,
      0.0,
      1.0
    ],
    "W2C": [
      0.24699963376949727,
      -4.3727231219704825e-18,
      0.969015573103825,
      -3.7159102582218354e-17,
      -0.9393228260850138,
      -0.24565303094595753,
      0.23943102719306728,
      1.2411530418454143e-16,
      0.23804161256678866,
      -0.9693578226780163,
      -0.06067620867801849,
      2.3713905144570306,
      0.0,
      0.0,
      0.0,
      1.0
    ],
    "img_size": [
      512,
      512
    ]
  },
  "rgb_000150.exr": {
    "K": [
      811.9282694049824,
      0.0,
      256.0,
      0.0,
      0.0,
      811.9282694049824,
      256.0,
      0.0,
      0.0,
      0.0,
      1.0,
      0.0,
      0.0,
      0.0,
      0.0,
      1.0
    ],
    "W2C": [
      -0.9953984676194355,
      -4.141584800502023e-18,
      -0.09582218250947662,
      -7.195325130262063e-18,
      0.0817587067249508,
      -0.5215289122698925,
      -0.8493074281679432,
      -4.589474122187715e-17,
      -0.04997403861549447,
      -0.8532336102537115,
      0.5191290800926822,
      2.3713905144570306,
      0.0,
      0.0,
      0.0,
      1.0
    ],
    "img_size": [
      512,
      512
    ]
  },
  "rgb_000151.exr": {
    "K": [
      811.9282694049824,
      0.0,
      256.0,
      0.0,
      0.0,
      811.9282694049824,
      256.0,
      0.0,
      0.0,
      0.0,
      1.0,
      0.0,
      0.0,
      0.0,
      0.0,
      1.0
    ],
    "W2C": [
      -0.22975347535992452,
      9.092324138960802e-18,
      -0.9732488584940836,
      -1.412258158559001e-17,
      0.8332166799362957,
      -0.5167790035725025,
      -0.19669627790720448,
      3.64780306056414e-16,
      -0.5029545753206479,
      -0.8561188360657717,
      0.11873177206382127,
      2.371390514457031,
      0.0,
      0.0,
      0.0,
      1.0
    ],
    "img_size": [
      512,
      512
    ]
  },
  "rgb_000152.exr": {
    "K": [
      811.9282694049824,
      0.0,
      256.0,
      0.0,
      0.0,
      811.9282694049824,
      256.0,
      0.0,
      0.0,
      0.0,
      1.0,
      0.0,
      0.0,
      0.0,
      0.0,
      1.0
    ],
    "W2C": [
      -0.7753692857596789,
      1.367838009230713e-18,
      -0.6315080923476162,
      -6.575692711289e-17,
      0.5990209989121027,
      -0.31660841335373,
      -0.7354814446714346,
      7.6571893340073e-17,
      -0.19994077513821956,
      -0.9485563307435326,
      0.24548843932758685,
      2.371390514457031,
      0.0,
      0.0,
      0.0,
      1.0
    ],
    "img_size": [
      512,
      512
    ]
  },
  "rgb_000153.exr": {
    "K": [
      811.9282694049824,
      0.0,
      256.0,
      0.0,
      0.0,
      811.9282694049824,
      256.0,
      0.0,
      0.0,
      0.0,
      1.0,
      0.0,
      0.0,
      0.0,
      0.0,
      1.0
    ],
    "W2C": [
      0.716399735978023,
      -3.6204639810420286e-17,
      -0.6976900589019591,
      1.3670882902083807e-18,
      0.5753133826136939,
      -0.5657200626491021,
      0.590741332989224,
      1.649966612723881e-17,
      -0.39469726383167203,
      -0.8245973627876187,
      -0.4052817035192873,
      2.3713905144570306,
      0.0,
      0.0,
      0.0,
      1.0
    ],
    "img_size": [
      512,
      512
    ]
  },
  "rgb_000154.exr": {
    "K": [
      811.9282694049824,
      0.0,
      256.0,
      0.0,
      0.0,
      811.9282694049824,
      256.0,
      0.0,
      0.0,
      0.0,
      1.0,
      0.0,
      0.0,
      0.0,
      0.0,
      1.0
    ],
    "W2C": [
      -0.538656431607729,
      1.2972412038603057e-17,
      -0.8425255181225241,
      -4.055190135450977e-17,
      0.7720272623989932,
      -0.4004351990345318,
      -0.4935843975318617,
      1.6003882653242426e-17,
      -0.337376873541065,
      -0.9163250795291893,
      0.2156969954020717,
      2.3713905144570306,
      0.0,
      0.0,
      0.0,
      1.0
    ],
    "img_size": [
      512,
      512
    ]
  },
  "rgb_000155.exr": {
    "K": [
      811.9282694049824,
      0.0,
      256.0,
      0.0,
      0.0,
      811.9282694049824,
      256.0,
      0.0,
      0.0,
      0.0,
      1.0,
      0.0,
      0.0,
      0.0,
      0.0,
      1.0
    ],
    "W2C": [
      -0.5297489913676507,
      2.104434486014134e-17,
      0.8481544706861817,
      -1.039208027199943e-17,
      -0.7990297146979747,
      -0.33538708079162755,
      -0.4990661489900346,
      -1.9998097252840074e-16,
      0.2844600519838064,
      -0.9420804137853999,
      0.17767096776710542,
      2.37139051445703,
      0.0,
      0.0,
      0.0,
      1.0
    ],
    "img_size": [
      512,
      512
    ]
  },
  "rgb_000156.exr": {
    "K": [
      811.9282694049824,
      0.0,
      256.0,
      0.0,
      0.0,
      811.9282694049824,
      256.0,
      0.0,
      0.0,
      0.0,
      1.0,
      0.0,
      0.0,
      0.0,
      0.0,
      1.0
    ],
    "W2C": [
      -0.7018485021315575,
      8.505226446931626e-18,
      0.7123262455193473,
      -7.478931373101157e-18,
      -0.6321590108970427,
      -0.46089025688897645,
      -0.6228604627414445,
      2.3014952525102918e-18,
      0.328304226286172,
      -0.8874571376155658,
      0.3234751364445568,
      2.3713905144570306,
      0.0,
      0.0,
      0.0,
      1.0
    ],
    "img_size": [
      512,
      512
    ]
  },
  "rgb_000157.exr": {
    "K": [
      811.9282694049824,
      0.0,
      256.0,
      0.0,
      0.0,
      811.9282694049824,
      256.0,
      0.0,
      0.0,
      0.0,
      1.0,
      0.0,
      0.0,
      0.0,
      0.0,
      1.0
    ],
    "W2C": [
      0.5620145414742187,
      -8.153645731101647e-17,
      -0.8271273512413453,
      1.5327403474314952e-17,
      0.7020734430738019,
      -0.5286990251887429,
      0.47704320694772506,
      -2.1699254096173673e-16,
      -0.43730142430824614,
      -0.8488093665626416,
      -0.2971365402193177,
      2.37139051445703,
      0.0,
      0.0,
      0.0,
      1.0
    ],
    "img_size": [
      512,
      512
    ]
  },
