{
  "rgb_000000.exr": {
    "K": [
      811.9282694049824,
      0.0,
      256.0,
      0.0,
      0.0,
      811.9282694049824,
      256.0,
      0.0,
      0.0,
      0.0,
      1.0,
      0.0,
      0.0,
      0.0,
      0.0,
      1.0
    ],
    "W2C": [
      0.7581758522273997,
      -7.24257745876595e-18,
      -0.6520501338848541,
      5.011656749790471e-18,
      0.05143207624010096,
      -0.9968843172487569,
      0.05980300625480619,
      -1.1273500492408129e-17,
      -0.6500185525297633,
      -0.07887748743133206,
      -0.7558136168022057,
      2.3713905144570306,
      0.0,
      0.0,
      0.0,
      1.0
    ],
    "img_size": [
      512,
      512
    ]
  },
  "rgb_000001.exr": {
    "K": [
      811.9282694049824,
      0.0,
      256.0,
      0.0,
      0.0,
      811.9282694049824,
      256.0,
      0.0,
      0.0,
      0.0,
      1.0,
      0.0,
      0.0,
      0.0,
      0.0,
      1.0
    ],
    "W2C": [
      0.26190004548478135,
      7.32306363446806e-18,
      0.9650950037043345,
      6.590164756109553e-17,
      -0.26084345863381525,
      -0.9627824658162101,
      0.07078568785289534,
      3.5160464051550052e-19,
      0.9291765474133634,
      -0.2702774935447982,
      -0.2521527715892153,
      2.37139051445703,
      0.0,
      0.0,
      0.0,
      1.0
    ],
    "img_size": [
      512,
      512
    ]
  },
  "rgb_000002.exr": {
    "K": [
      811.9282694049824,
      0.0,
      256.0,
      0.0,
      0.0,
      811.9282694049824,
      256.0,
      0.0,
      0.0,
      0.0,
      1.0,
      0.0,
      0.0,
      0.0,
      0.0,
      1.0
    ],
    "W2C": [
      0.9956366199127032,
      1.3688936308412954e-18,
      0.09331517073234707,
      1.2131911457861248e-17,
      0.013601186381369614,
      -0.9893206632776762,
      -0.14511937479481404,
      -1.025764466058812e-17,
      0.0923186266027952,
      0.14575536083389337,
      -0.9850038811955794,
      2.3713905144570306,
      0.0,
      0.0,
      0.0,
      1.0
    ],
    "img_size": [
      512,
      512
    ]
  },
  "rgb_000003.exr": {
    "K": [
      811.9282694049824,
      0.0,
      256.0,
      0.0,
      0.0,
      811.9282694049824,
      256.0,
      0.0,
      0.0,
      0.0,
      1.0,
      0.0,
      0.0,
      0.0,
      0.0,
      1.0
    ],
    "W2C": [
      0.7880665517366555,
      -4.5013931390699547e-17,
      -0.6155900503045002,
      3.1254923688493645e-16,
      0.3309916866738796,
      -0.8431477164096572,
      0.42372919614532145,
      -3.6282401172112204e-16,
      -0.5190333451587454,
      -0.5376819955263334,
      -0.6644565134755943,
      2.371390514457031,
      0.0,
      0.0,
      0.0,
      1.0
    ],
    "img_size": [
      512,
      512
    ]
  },
  "rgb_000004.exr": {
    "K": [
      811.9282694049824,
      0.0,
      256.0,
      0.0,
      0.0,
      811.9282694049824,
      256.0,
      0.0,
      0.0,
      0.0,
      1.0,
      0.0,
      0.0,
      0.0,
      0.0,
      1.0
    ],
    "W2C": [
      -0.8531403991795076,
      2.531398302890419e-17,
      -0.5216813771717661,
      -8.657034724486116e-18,
      0.06113279660116683,
      -0.9931102010671872,
      -0.099974545340358,
      1.375533821917094e-17,
      -0.5180870973760596,
      -0.11718416504072099,
      0.8472624333677014,
      2.3713905144570306,
      0.0,
      0.0,
      0.0,
      1.0
    ],
    "img_size": [
      512,
      512
    ]
  },
  "rgb_000005.exr": {
    "K": [
      811.9282694049824,
      0.0,
      256.0,
      0.0,
      0.0,
      811.9282694049824,
      256.0,
      0.0,
      0.0,
      0.0,
      1.0,
      0.0,
      0.0,
      0.0,
      0.0,
      1.0
    ],
    "W2C": [
      -0.11022846751570148,
      3.264876267622041e-18,
      -0.9939062757368724,
      1.4240981823273422e-18,
      0.6678727157074456,
      -0.7405806360205109,
      -0.07406994778597346,
      1.1826182443152592e-16,
      -0.7360677418299905,
      -0.6719675003684741,
      0.08163306858034444,
      2.3713905144570306,
      0.0,
      0.0,
      0.0,
      1.0
    ],
    "img_size": [
      512,
      512
    ]
  },
  "rgb_000006.exr": {
    "K": [
      811.9282694049824,
      0.0,
      256.0,
      0.0,
      0.0,
      811.9282694049824,
      256.0,
      0.0,
      0.0,
      0.0,
      1.0,
      0.0,
      0.0,
      0.0,
      0.0,
      1.0
    ],
    "W2C": [
      -0.3819914977217019,
      7.103510982901102e-17,
      -0.9241658377522571,
      -3.2733569966504456e-17,
      0.6145032240122164,
      -0.7469079598096364,
      -0.25399662842565157,
      -6.469373610410144e-18,
      -0.6902668204013016,
      -0.6649274393292899,
      0.2853124902279437,
      2.37139051445703,
      0.0,
      0.0,
      0.0,
      1.0
    ],
    "img_size": [
      512,
      512
    ]
  },
  "rgb_000007.exr": {
    "K": [
      811.9282694049824,
      0.0,
      256.0,
      0.0,
      0.0,
      811.9282694049824,
      256.0,
      0.0,
      0.0,
      0.0,
      1.0,
      0.0,
      0.0,
      0.0,
      0.0,
      1.0
    ],
    "W2C": [
      0.029247315398927828,
      5.437391232154243e-19,
      0.999572205767025,
      -2.1957178657008843e-18,
      -0.6315914307068154,
      -0.7750811213451045,
      0.018480259525591233,
      -4.827616023466189e-17,
      0.7747495461113053,
      -0.6318617375141617,
      -0.022669042015734924,
      2.3713905144570306,
      0.0,
      0.0,
      0.0,
      1.0
    ],
    "img_size": [
      512,
      512
    ]
  },
  "rgb_000008.exr": {
    "K": [
      811.9282694049824,
      0.0,
      256.0,
      0.0,
      0.0,
      811.9282694049824,
      256.0,
      0.0,
      0.0,
      0.0,
      1.0,
      0.0,
      0.0,
      0.0,
      0.0,
      1.0
    ],
    "W2C": [
      0.34371731095954705,
      -2.9223459149080173e-19,
      0.9390731654917726,
      5.667411890373073e-17,
      0.004857354940852998,
      -0.999986622537947,
      -0.0017778774221194479,
      1.1633214099476678e-20,
      0.9390606030761361,
      0.0051724989269705144,
      -0.3437127128942627,
      2.3713905144570306,
      0.0,
      0.0,
      0.0,
      1.0
    ],
    "img_size": [
      512,
      512
    ]
  },
  "rgb_000009.exr": {
    "K": [
      811.9282694049824,
      0.0,
      256.0,
      0.0,
      0.0,
      811.9282694049824,
      256.0,
      0.0,
      0.0,
      0.0,
      1.0,
      0.0,
      0.0,
      0.0,
      0.0,
      1.0
    ],
    "W2C": [
      -0.08995372267716807,
      3.1428117183984697e-19,
      -0.9959459462122023,
      9.466730534119526e-18,
      0.04475506248464777,
      -0.9989898119693349,
      -0.004042272067530013,
      2.2219969650808095e-18,
      -0.9949398535381495,
      -0.044937240474607024,
      0.08986285250320585,
      2.3713905144570306,
      0.0,
      0.0,
      0.0,
      1.0
    ],
    "img_size": [
      512,
      512
    ]
  },
  "rgb_000010.exr": {
    "K": [
      811.9282694049824,
      0.0,
      256.0,
      0.0,
      0.0,
      811.9282694049824,
      256.0,
      0.0,
      0.0,
      0.0,
      1.0,
      0.0,
      0.0,
      0.0,
      0.0,
      1.0
    ],
    "W2C": [
      0.7040834930673687,
      6.819426315780379e-18,
      -0.710117197925844,
      -6.449550145974131e-17,
      -0.06858585331283089,
      -0.9953248513998797,
      -0.06800309486455638,
      1.2301828319161373e-17,
      -0.7067972945020398,
      0.09658385054348895,
      -0.7007917981103872,
      2.3713905144570306,
      0.0,
      0.0,
      0.0,
      1.0
    ],
    "img_size": [
      512,
      512
    ]
  },
  "rgb_000011.exr": {
    "K": [
      811.9282694049824,
      0.0,
      256.0,
      0.0,
      0.0,
      811.9282694049824,
      256.0,
      0.0,
      0.0,
      0.0,
      1.0,
      0.0,
      0.0,
      0.0,
      0.0,
      1.0
    ],
    "W2C": [
      -0.8246067827429269,
      7.207766580530218e-17,
      -0.5657063318139186,
      -9.239794393408917e-17,
      0.22551866803551135,
      -0.9171032682374171,
      -0.3287292590502656,
      3.989948325713393e-18,
      -0.5188111257691456,
      -0.3986497151488357,
      0.7562495754642801,
      2.3713905144570306,
      0.0,
      0.0,
      0.0,
      1.0
    ],
    "img_size": [
      512,
      512
    ]
  },
  "rgb_000012.exr": {
    "K": [
      811.9282694049824,
      0.0,
      256.0,
      0.0,
      0.0,
      811.9282694049824,
      256.0,
      0.0,
      0.0,
      0.0,
      1.0,
      0.0,
      0.0,
      0.0,
      0.0,
      1.0
    ],
    "W2C": [
      -0.7351512216373931,
      5.027673588478998e-18,
      -0.6779031504020677,
      -2.8245018076100056e-16,
      0.049598252961156365,
      -0.997319907252707,
      -0.053786763247594634,
      -2.019602253559326e-17,
      -0.6760863070853083,
      -0.07316421664619703,
      0.7331809481801194,
      2.371390514457031,
      0.0,
      0.0,
      0.0,
      1.0
    ],
    "img_size": [
      512,
      512
    ]
  },
  "rgb_000013.exr": {
    "K": [
      811.9282694049824,
      0.0,
      256.0,
      0.0,
      0.0,
      811.9282694049824,
      256.0,
      0.0,
      0.0,
      0.0,
      1.0,
      0.0,
      0.0,
      0.0,
      0.0,
      1.0
    ],
    "W2C": [
      0.8924878566971772,
      9.225009646991305e-18,
      0.4510714196755088,
      -2.0808564138229213e-17,
      -0.31168561498665776,
      -0.7228647938252571,
      0.6166997383316759,
      -1.6443478452656556e-16,
      0.3260636487842027,
      -0.6909895005338129,
      -0.6451480505229507,
      2.3713905144570306,
      0.0,
      0.0,
      0.0,
      1.0
    ],
    "img_size": [
      512,
      512
    ]
  },
  "rgb_000014.exr": {
    "K": [
      811.9282694049824,
      0.0,
      256.0,
      0.0,
      0.0,
      811.9282694049824,
      256.0,
      0.0,
      0.0,
      0.0,
      1.0,
      0.0,
      0.0,
      0.0,
      0.0,
      1.0
    ],
    "W2C": [
      -0.8400968283966511,
      -4.3995925230549136e-17,
      -0.5424364653283256,
      9.996135565372533e-17,
      0.37139958257600447,
      -0.7288365636191905,
      -0.5752039756418058,
      -2.466129032829163e-16,
      -0.39534752937163703,
      -0.684687712414769,
      0.612293285515996,
      2.37139051445703,
      0.0,
      0.0,
      0.0,
      1.0
    ],
    "img_size": [
      512,
      512
    ]
  },
  "rgb_000015.exr": {
    "K": [
      811.9282694049824,
      0.0,
      256.0,
      0.0,
      0.0,
      811.9282694049824,
      256.0,
      0.0,
      0.0,
      0.0,
      1.0,
      0.0,
      0.0,
      0.0,
      0.0,
      1.0
    ],
    "W2C": [
      0.6943920933915155,
      -2.453154520114399e-17,
      0.7195968459042528,
      -8.056756453285382e-17,
      0.0993813797878523,
      -0.9904173108183427,
      -0.0959004263954295,
      5.954431392989005e-18,
      0.7127011729938512,
      0.1381070252788124,
      -0.6877379497903442,
      2.3713905144570306,
      0.0,
      0.0,
      0.0,
      1.0
    ],
    "img_size": [
      512,
      512
    ]
  },
  "rgb_000016.exr": {
    "K": [
      811.9282694049824,
      0.0,
      256.0,
      0.0,
      0.0,
      811.9282694049824,
      256.0,
      0.0,
      0.0,
      0.0,
      1.0,
      0.0,
      0.0,
      0.0,
      0.0,
      1.0
    ],
    "W2C": [
      0.08450583139320432,
      -5.765476981493784e-18,
      0.9964229847110831,
      -1.4957595292304522e-17,
      0.35243000843871336,
      -0.9353607424818453,
      -0.02988930537332296,
      -4.578585334058266e-17,
      0.9320149428053351,
      0.35369518151059287,
      -0.07904343719599322,
      2.3713905144570306,
      0.0,
      0.0,
      0.0,
      1.0
    ],
    "img_size": [
      512,
      512
    ]
  },
  "rgb_000017.exr": {
    "K": [
      811.9282694049824,
      0.0,
      256.0,
      0.0,
      0.0,
      811.9282694049824,
      256.0,
      0.0,
      0.0,
      0.0,
      1.0,
      0.0,
      0.0,
      0.0,
      0.0,
      1.0
    ],
    "W2C": [
      -0.5226171159971014,
      1.1968001311428252e-18,
      0.8525675046979403,
      5.64761535624087e-17,
      -0.07440321495556997,
      -0.9961847313597321,
      -0.04560858044286933,
      1.0885783925315266e-18,
      0.8493147306335546,
      -0.08726958809194893,
      0.5206231913035704,
      2.3713905144570306,
      0.0,
      0.0,
      0.0,
      1.0
    ],
    "img_size": [
      512,
      512
    ]
  },
  "rgb_000018.exr": {
    "K": [
      811.9282694049824,
      0.0,
      256.0,
      0.0,
      0.0,
      811.9282694049824,
      256.0,
      0.0,
      0.0,
      0.0,
      1.0,
      0.0,
      0.0,
      0.0,
      0.0,
      1.0
    ],
    "W2C": [
      -0.737812199666327,
      1.81864027781637e-17,
      0.6750060429533473,
      -1.2159170372341754e-16,
      -0.18750942650234484,
      -0.9606420401077075,
      -0.20495630205110374,
      -3.8856240170068646e-17,
      0.6484391821877343,
      -0.27778925605160026,
      0.7087734167038157,
      2.3713905144570306,
      0.0,
      0.0,
      0.0,
      1.0
    ],
    "img_size": [
      512,
      512
    ]
  },
  "rgb_000019.exr": {
    "K": [
      811.9282694049824,
      0.0,
      256.0,
      0.0,
      0.0,
      811.9282694049824,
      256.0,
      0.0,
      0.0,
      0.0,
      1.0,
      0.0,
      0.0,
      0.0,
      0.0,
      1.0
    ],
    "W2C": [
      0.9985986215923095,
      2.0155839839034642e-19,
      0.052922518401331636,
      5.075691169901568e-18,
      0.018172786176282683,
      -0.9391948189505481,
      -0.3429035460578354,
      2.3187098937173716e-17,
      0.04970455508834572,
      0.34338475804328733,
      -0.9378786516106562,
      2.371390514457031,
      0.0,
      0.0,
      0.0,
      1.0
    ],
    "img_size": [
      512,
      512
    ]
  },
  "rgb_000020.exr": {
    "K": [
      811.9282694049824,
      0.0,
      256.0,
      0.0,
      0.0,
      811.9282694049824,
      256.0,
      0.0,
      0.0,
      0.0,
      1.0,
      0.0,
      0.0,
      0.0,
      0.0,
      1.0
    ],
    "W2C": [
      -0.013934253480198125,
      -1.112412766758057e-19,
      -0.999902913577088,
      -5.1497573394393244e-18,
      -0.05465258937333284,
      -0.998505139903832,
      0.0007616169763450647,
      -2.742733467115842e-17,
      -0.9984081986115395,
      0.05465789591293092,
      0.01391342372070069,
      2.37139051445703,
      0.0,
      0.0,
      0.0,
      1.0
    ],
    "img_size": [
      512,
      512
    ]
  },
  "rgb_000021.exr": {
    "K": [
      811.9282694049824,
      0.0,
      256.0,
      0.0,
      0.0,
      811.9282694049824,
      256.0,
      0.0,
      0.0,
      0.0,
      1.0,
      0.0,
      0.0,
      0.0,
      0.0,
      1.0
    ],
    "W2C": [
      0.6846675676550323,
      -3.902016382854653e-17,
      0.7288554875977418,
      3.640085258878685e-17,
      -0.35821725828597784,
      -0.8708893548287863,
      0.33649981799694534,
      -5.514751956954926e-17,
      0.6347524853574176,
      -0.4914791263582822,
      -0.5962696962672854,
      2.3713905144570306,
      0.0,
      0.0,
      0.0,
      1.0
    ],
    "img_size": [
      512,
      512
    ]
  },
  "rgb_000022.exr": {
    "K": [
      811.9282694049824,
      0.0,
      256.0,
      0.0,
      0.0,
      811.9282694049824,
      256.0,
      0.0,
      0.0,
      0.0,
      1.0,
      0.0,
      0.0,
      0.0,
      0.0,
      1.0
    ],
    "W2C": [
      -0.8767603803508743,
      -9.796196680493872e-18,
      -0.4809274742068603,
      3.0826624055993713e-16,
      0.1570569464479477,
      -0.9451726872671435,
      -0.2863244782002625,
      1.7090005345504707e-16,
      -0.45455951317669807,
      -0.32657095897248145,
      0.8286899647855986,
      2.37139051445703,
      0.0,
      0.0,
      0.0,
      1.0
    ],
    "img_size": [
      512,
      512
    ]
  },
  "rgb_000023.exr": {
    "K": [
      811.9282694049824,
      0.0,
      256.0,
      0.0,
      0.0,
      811.9282694049824,
      256.0,
      0.0,
      0.0,
      0.0,
      1.0,
      0.0,
      0.0,
      0.0,
      0.0,
      1.0
    ],
    "W2C": [
      -0.3610943421104524,
      -2.28900354079662e-17,
      -0.9325292896718148,
      1.3687344902859789e-17,
      0.2309577344303401,
      -0.9688449434383007,
      -0.08943154074956115,
      3.887325191842746e-19,
      -0.9034762869066483,
      -0.24766807540342362,
      0.3498444274578917,
      2.3713905144570306,
      0.0,
      0.0,
      0.0,
      1.0
    ],
    "img_size": [
      512,
      512
    ]
  },
  "rgb_000024.exr": {
    "K": [
      811.9282694049824,
      0.0,
      256.0,
      0.0,
      0.0,
      811.9282694049824,
      256.0,
      0.0,
      0.0,
      0.0,
      1.0,
      0.0,
      0.0,
      0.0,
      0.0,
      1.0
    ],
    "W2C": [
      -0.9797883111181935,
      -8.52611928832732e-18,
      -0.20003716003822422,
      -2.127664319716628e-17,
      0.04825195992251292,
      -0.9704717062048779,
      -0.23633961965660674,
      2.6358594092392102e-17,
      -0.19413040400667367,
      -0.2412149818228406,
      0.9508568340104688,
      2.3713905144570306,
      0.0,
      0.0,
      0.0,
      1.0
    ],
    "img_size": [
      512,
      512
    ]
  },
  "rgb_000025.exr": {
    "K": [
      811.9282694049824,
      0.0,
      256.0,
      0.0,
      0.0,
      811.9282694049824,
      256.0,
      0.0,
      0.0,
      0.0,
      1.0,
      0.0,
      0.0,
      0.0,
      0.0,
      1.0
    ],
    "W2C": [
      0.3586623052600952,
      -4.934165443986624e-18,
      -0.9334673806756797,
      -3.8369213449253406e-17,
      0.4247351227586611,
      -0.890487351422653,
      0.16319421696694297,
      -3.7624245432598176e-17,
      -0.8312408954573276,
      -0.45500799658497043,
      -0.31938424626620515,
      2.3713905144570306,
      0.0,
      0.0,
      0.0,
      1.0
    ],
    "img_size": [
      512,
      512
    ]
  },
  "rgb_000026.exr": {
    "K": [
      811.9282694049824,
      0.0,
      256.0,
      0.0,
      0.0,
      811.9282694049824,
      256.0,
      0.0,
      0.0,
      0.0,
      1.0,
      0.0,
      0.0,
      0.0,
      0.0,
      1.0
    ],
    "W2C": [
      0.6622815638212599,
      -7.101354217970623e-18,
      -0.7492550501814897,
      -6.09667704420823e-17,
      -0.046258678014765305,
      -0.9980922936204512,
      -0.04088897313204892,
      2.859068709620194e-18,
      -0.7478256915423492,
      0.06173956118622118,
      -0.6610181250569004,
      2.3713905144570306,
      0.0,
      0.0,
      0.0,
      1.0
    ],
    "img_size": [
      512,
      512
    ]
  },
  "rgb_000027.exr": {
    "K": [
      811.9282694049824,
      0.0,
      256.0,
      0.0,
      0.0,
      811.9282694049824,
      256.0,
      0.0,
      0.0,
      0.0,
      1.0,
      0.0,
      0.0,
      0.0,
      0.0,
      1.0
    ],
    "W2C": [
      0.46609986257205693,
      5.302906882183741e-19,
      0.8847321165812335,
      -3.891167791908614e-17,
      -0.19668702295216778,
      -0.9749754587500785,
      0.10361983322360269,
      1.2809871057772866e-17,
      0.8625921012347161,
      -0.2223125161457938,
      -0.45443592733453986,
      2.3713905144570306,
      0.0,
      0.0,
      0.0,
      1.0
    ],
    "img_size": [
      512,
      512
    ]
  },
  "rgb_000028.exr": {
    "K": [
      811.9282694049824,
      0.0,
      256.0,
      0.0,
      0.0,
      811.9282694049824,
      256.0,
      0.0,
      0.0,
      0.0,
      1.0,
      0.0,
      0.0,
      0.0,
      0.0,
      1.0
    ],
    "W2C": [
      -0.0172755767800182,
      8.132157218347253e-19,
      -0.9998507660880785,
      -1.283397217483647e-18,
      0.3489017165068895,
      -0.9371399313212867,
      -0.006028378030630966,
      5.2061148843338444e-18,
      -0.9370000782633178,
      -0.34895379224638623,
      0.016189632837161873,
      2.371390514457031,
      0.0,
      0.0,
      0.0,
      1.0
    ],
    "img_size": [
      512,
      512
    ]
  },
  "rgb_000029.exr": {
    "K": [
      811.9282694049824,
      0.0,
      256.0,
      0.0,
      0.0,
      811.9282694049824,
      256.0,
      0.0,
      0.0,
      0.0,
      1.0,
      0.0,
      0.0,
      0.0,
      0.0,
      1.0
    ],
    "W2C": [
      0.9756622239132486,
      -1.082514236656847e-17,
      0.2192788745608065,
      -3.1994095676644806e-17,
      0.04323839912943118,
      -0.9803663937356187,
      -0.19238548509318992,
      -2.6608731168776755e-17,
      0.21497363947558293,
      0.1971845177335635,
      -0.9565064559619053,
      2.3713905144570306,
      0.0,
      0.0,
      0.0,
      1.0
    ],
    "img_size": [
      512,
      512
    ]
  },
  "rgb_000030.exr": {
    "K": [
      811.9282694049824,
      0.0,
      256.0,
      0.0,
      0.0,
      811.9282694049824,
      256.0,
      0.0,
      0.0,
      0.0,
      1.0,
      0.0,
      0.0,
      0.0,
      0.0,
      1.0
    ],
    "W2C": [
      0.999916775631373,
      7.917765231831336e-20,
      -0.01290123292395573,
      6.7275011547911374e-18,
      0.0032701155037982593,
      -0.9673424355145738,
      0.25345200491873077,
      -8.615962108917639e-17,
      -0.012479910077800143,
      -0.25347310005744694,
      -0.9672619290511323,
      2.371390514457031,
      0.0,
      0.0,
      0.0,
      1.0
    ],
    "img_size": [
      512,
      512
    ]
  },
  "rgb_000031.exr": {
    "K": [
      811.9282694049824,
      0.0,
      256.0,
      0.0,
      0.0,
      811.9282694049824,
      256.0,
      0.0,
      0.0,
      0.0,
      1.0,
      0.0,
      0.0,
      0.0,
      0.0,
      1.0
    ],
    "W2C": [
      -0.9665236944268771,
      -5.07643245902857e-18,
      -0.2565773725631719,
      4.323748497900992e-17,
      0.042593092165052526,
      -0.9861249336189168,
      -0.16044763567876683,
      1.7114515351942022e-17,
      -0.253017344486974,
      -0.16600486527534955,
      0.9531131140078143,
      2.3713905144570306,
      0.0,
      0.0,
      0.0,
      1.0
    ],
    "img_size": [
      512,
      512
    ]
  },
  "rgb_000032.exr": {
    "K": [
      811.9282694049824,
      0.0,
      256.0,
      0.0,
      0.0,
      811.9282694049824,
      256.0,
      0.0,
      0.0,
      0.0,
      1.0,
      0.0,
      0.0,
      0.0,
      0.0,
      1.0
    ],
    "W2C": [
      0.6898838123627967,
      -7.192200569776559e-18,
      0.723920109846227,
      -3.623228872223304e-16,
      0.12136932972946328,
      -0.9858456104590514,
      -0.11566295059197254,
      -8.575579686913353e-17,
      0.713673462614937,
      0.1676556958132358,
      -0.6801189281446192,
      2.37139051445703,
      0.0,
      0.0,
      0.0,
      1.0
    ],
    "img_size": [
      512,
      512
    ]
  },
  "rgb_000033.exr": {
    "K": [
      811.9282694049824,
      0.0,
      256.0,
      0.0,
      0.0,
      811.9282694049824,
      256.0,
      0.0,
      0.0,
      0.0,
      1.0,
      0.0,
      0.0,
      0.0,
      0.0,
      1.0
    ],
    "W2C": [
      0.011958303693079918,
      -3.138749759648965e-19,
      -0.9999284969300475,
      1.2807879655663777e-18,
      -0.20162719448559943,
      -0.9794593713454872,
      -0.0024112916391972397,
      -2.1268283783834296e-17,
      -0.9793893369935425,
      0.20164161247992193,
      -0.011712672617582475,
      2.3713905144570306,
      0.0,
      0.0,
      0.0,
      1.0
    ],
    "img_size": [
      512,
      512
    ]
  },
  "rgb_000034.exr": {
    "K": [
      811.9282694049824,
      0.0,
      256.0,
      0.0,
      0.0,
      811.9282694049824,
      256.0,
      0.0,
      0.0,
      0.0,
      1.0,
      0.0,
      0.0,
      0.0,
      0.0,
      1.0
    ],
    "W2C": [
      0.7405206935303826,
      2.7697206197390847e-17,
      -0.6720335575350987,
      -4.789402364060914e-16,
      0.1168160203260749,
      -0.98477661399173,
      0.1287207750526748,
      6.405982014283696e-17,
      -0.6618029312782311,
      -0.17382468333059967,
      -0.7292474611656576,
      2.37139051445703,
      0.0,
      0.0,
      0.0,
      1.0
    ],
    "img_size": [
      512,
      512
    ]
  },
  "rgb_000035.exr": {
    "K": [
      811.9282694049824,
      0.0,
      256.0,
      0.0,
      0.0,
      811.9282694049824,
      256.0,
      0.0,
      0.0,
      0.0,
      1.0,
      0.0,
      0.0,
      0.0,
      0.0,
      1.0
    ],
    "W2C": [
      0.47890927751438295,
      8.29017480807938e-18,
      0.8778643995006585,
      -2.197805855653365e-16,
      -0.14751445204176267,
      -0.985780542901397,
      0.0804748884798553,
      7.736679635538513e-17,
      0.865381644333568,
      -0.1680378565592487,
      -0.4720994475886442,
      2.37139051445703,
      0.0,
      0.0,
      0.0,
      1.0
    ],
    "img_size": [
      512,
      512
    ]
  },
  "rgb_000036.exr": {
    "K": [
      811.9282694049824,
      0.0,
      256.0,
      0.0,
      0.0,
      811.9282694049824,
      256.0,
      0.0,
      0.0,
      0.0,
      1.0,
      0.0,
      0.0,
      0.0,
      0.0,
      1.0
    ],
    "W2C": [
      0.9605620387394197,
      -1.7662678443011218e-17,
      -0.2780657651217954,
      -4.0866062449105485e-17,
      -0.08712961939297362,
      -0.9496404237035924,
      -0.3009842107029822,
      -3.477697464236368e-18,
      -0.2640624910077254,
      0.3133417713425097,
      -0.912188541462089,
      2.3713905144570306,
      0.0,
      0.0,
      0.0,
      1.0
    ],
    "img_size": [
      512,
      512
    ]
  },
  "rgb_000037.exr": {
    "K": [
      811.9282694049824,
      0.0,
      256.0,
      0.0,
      0.0,
      811.9282694049824,
      256.0,
      0.0,
      0.0,
      0.0,
      1.0,
      0.0,
      0.0,
      0.0,
      0.0,
      1.0
    ],
    "W2C": [
      -0.6736006055188847,
      1.053774062191648e-17,
      -0.7390955447332855,
      4.212648888155633e-17,
      0.18065955429087568,
      -0.9696661114121835,
      -0.16465041093844004,
      2.5876503702413752e-17,
      -0.7166759028235944,
      -0.24443328819695373,
      0.653167679798389,
      2.3713905144570306,
      0.0,
      0.0,
      0.0,
      1.0
    ],
    "img_size": [
      512,
      512
    ]
  },
  "rgb_000038.exr": {
    "K": [
      811.9282694049824,
      0.0,
      256.0,
      0.0,
      0.0,
      811.9282694049824,
      256.0,
      0.0,
      0.0,
      0.0,
      1.0,
      0.0,
      0.0,
      0.0,
      0.0,
      1.0
    ],
    "W2C": [
      0.41220393717227505,
      1.33417976309086e-17,
      0.9110916058112243,
      -2.1378621545789304e-16,
      -0.2511166273736576,
      -0.9612661818474523,
      0.11361235449061093,
      1.8131331294146266e-16,
      0.8758015492314195,
      -0.2756217111122065,
      -0.39623770482807996,
      2.37139051445703,
      0.0,
      0.0,
      0.0,
      1.0
    ],
    "img_size": [
      512,
      512
    ]
  },
  "rgb_000039.exr": {
    "K": [
      811.9282694049824,
      0.0,
      256.0,
      0.0,
      0.0,
      811.9282694049824,
      256.0,
      0.0,
      0.0,
      0.0,
      1.0,
      0.0,
      0.0,
      0.0,
      0.0,
      1.0
    ],
    "W2C": [
      0.9404269285733242,
      -8.909690359338058e-18,
      -0.33999587058395814,
      5.632968834899802e-17,
      -0.06744114245839385,
      -0.9801294924527766,
      -0.18654187285478113,
      1.4107427769342447e-17,
      -0.3332399800714948,
      0.19835871048245576,
      -0.921740168191496,
      2.3713905144570306,
      0.0,
      0.0,
      0.0,
      1.0
    ],
    "img_size": [
      512,
      512
    ]
  },
  "rgb_000040.exr": {
    "K": [
      811.9282694049824,
      0.0,
      256.0,
      0.0,
      0.0,
      811.9282694049824,
      256.0,
      0.0,
      0.0,
      0.0,
      1.0,
      0.0,
      0.0,
      0.0,
      0.0,
      1.0
    ],
    "W2C": [
      -0.7812738353302766,
      -1.6679553508539797e-17,
      0.6241884284639695,
      2.0050923674476537e-16,
      -0.4726187666151062,
      -0.6532141336234191,
      -0.5915596310413869,
      1.2494598289394182e-16,
      0.4077287035168553,
      -0.7571732269663303,
      0.5103391114679124,
      2.371390514457031,
      0.0,
      0.0,
      0.0,
      1.0
    ],
    "img_size": [
      512,
      512
    ]
  },
  "rgb_000041.exr": {
    "K": [
      811.9282694049824,
      0.0,
      256.0,
      0.0,
      0.0,
      811.9282694049824,
      256.0,
      0.0,
      0.0,
      0.0,
      1.0,
      0.0,
      0.0,
      0.0,
      0.0,
      1.0
    ],
    "W2C": [
      -0.5297569305646576,
      4.2873282710994184e-18,
      -0.848149511889686,
      4.174235179117326e-18,
      0.1715195822131516,
      -0.9793384679045432,
      -0.10713168625485191,
      -9.103284493388394e-18,
      -0.8306254435280311,
      -0.20222800321019366,
      0.5188113407410051,
      2.3713905144570306,
      0.0,
      0.0,
      0.0,
      1.0
    ],
    "img_size": [
      512,
      512
    ]
  },
  "rgb_000042.exr": {
    "K": [
      811.9282694049824,
      0.0,
      256.0,
      0.0,
      0.0,
      811.9282694049824,
      256.0,
      0.0,
      0.0,
      0.0,
      1.0,
      0.0,
      0.0,
      0.0,
      0.0,
      1.0
    ],
    "W2C": [
      0.8649509899022826,
      3.0659180343778735e-18,
      -0.50185633907231,
      3.347359362762701e-16,
      -0.012203655772806106,
      -0.9997042973001369,
      -0.021033039376622178,
      1.2191285846789897e-17,
      -0.501707938797903,
      0.02431703023890218,
      -0.8646952215593193,
      2.371390514457031,
      0.0,
      0.0,
      0.0,
      1.0
    ],
    "img_size": [
      512,
      512
    ]
  },
  "rgb_000043.exr": {
    "K": [
      811.9282694049824,
      0.0,
      256.0,
      0.0,
      0.0,
      811.9282694049824,
      256.0,
      0.0,
      0.0,
      0.0,
      1.0,
      0.0,
      0.0,
      0.0,
      0.0,
      1.0
    ],
    "W2C": [
      -0.6523090417038864,
      6.443105433265767e-17,
      -0.7579531081217077,
      6.338595167281639e-17,
      0.5227611842997081,
      -0.7240940722353818,
      -0.4498983426765963,
      -1.4730224654394562e-18,
      -0.5488293526233121,
      -0.6897012212208858,
      0.4723331103633267,
      2.3713905144570306,
      0.0,
      0.0,
      0.0,
      1.0
    ],
    "img_size": [
      512,
      512
    ]
  },
  "rgb_000044.exr": {
    "K": [
      811.9282694049824,
      0.0,
      256.0,
      0.0,
      0.0,
      811.9282694049824,
      256.0,
      0.0,
      0.0,
      0.0,
      1.0,
      0.0,
      0.0,
      0.0,
      0.0,
      1.0
    ],
    "W2C": [
      -0.42647322287493256,
      -1.7933333026041122e-17,
      -0.9045001880434675,
      2.544788512560433e-16,
      0.39217068735095323,
      -0.9011164100125902,
      -0.1849090792489709,
      -2.205923479042836e-16,
      -0.8150599623054423,
      -0.43357723142021803,
      0.3843020195635586,
      2.371390514457031,
      0.0,
      0.0,
      0.0,
      1.0
    ],
    "img_size": [
      512,
      512
    ]
  },
  "rgb_000045.exr": {
    "K": [
      811.9282694049824,
      0.0,
      256.0,
      0.0,
      0.0,
      811.9282694049824,
      256.0,
      0.0,
      0.0,
      0.0,
      1.0,
      0.0,
      0.0,
      0.0,
      0.0,
      1.0
    ],
    "W2C": [
      -0.8063863623538305,
      -2.957816153136487e-17,
      -0.5913890721088415,
      1.5204695342386516e-16,
      0.30962049570925393,
      -0.8519962535228175,
      -0.4221818714959687,
      1.1487640822450781e-16,
      -0.5038612738110683,
      -0.5235478812707418,
      0.6870381596173568,
      2.3713905144570306,
      0.0,
      0.0,
      0.0,
      1.0
    ],
    "img_size": [
      512,
      512
    ]
  },
  "rgb_000046.exr": {
    "K": [
      811.9282694049824,
      0.0,
      256.0,
      0.0,
      0.0,
      811.9282694049824,
      256.0,
      0.0,
      0.0,
      0.0,
      1.0,
      0.0,
      0.0,
      0.0,
      0.0,
      1.0
    ],
    "W2C": [
      0.2899370336779782,
      8.835682083913403e-18,
      0.9570457233079385,
      3.0013815211581286e-17,
      -0.7527713458842039,
      -0.617517237462258,
      0.22805210424958908,
      -4.332551682202705e-18,
      0.5909922311821867,
      -0.786557347837385,
      -0.17904111607482673,
      2.3713905144570306,
      0.0,
      0.0,
      0.0,
      1.0
    ],
    "img_size": [
      512,
      512
    ]
  },
  "rgb_000047.exr": {
    "K": [
      811.9282694049824,
      0.0,
      256.0,
      0.0,
      0.0,
      811.9282694049824,
      256.0,
      0.0,
      0.0,
      0.0,
      1.0,
      0.0,
      0.0,
      0.0,
      0.0,
      1.0
    ],
    "W2C": [
      0.06583371108055522,
      -7.686530626585952e-20,
      -0.9978306081120992,
      -1.2906951332032384e-17,
      0.7799757148830858,
      -0.6236904025791626,
      0.05146033349349203,
      8.542073062641912e-17,
      -0.6223373736792459,
      -0.7816714666217786,
      -0.04105985376711177,
      2.371390514457031,
      0.0,
      0.0,
      0.0,
      1.0
    ],
    "img_size": [
      512,
      512
    ]
  },
  "rgb_000048.exr": {
    "K": [
      811.9282694049824,
      0.0,
      256.0,
      0.0,
      0.0,
      811.9282694049824,
      256.0,
      0.0,
      0.0,
      0.0,
      1.0,
      0.0,
      0.0,
      0.0,
      0.0,
      1.0
    ],
    "W2C": [
      0.09394736763528096,
      2.8048993382270187e-18,
      0.9955771653239147,
      -4.400899188396712e-18,
      -0.15291914899377032,
      -0.9881333432060893,
      0.014430173781976911,
      -1.3896582657117923e-17,
      0.9837629927911611,
      -0.1535984897202996,
      -0.09283252646686171,
      2.37139051445703,
      0.0,
      0.0,
      0.0,
      1.0
    ],
    "img_size": [
      512,
      512
    ]
  },
  "rgb_000049.exr": {
    "K": [
      811.9282694049824,
      0.0,
      256.0,
      0.0,
      0.0,
      811.9282694049824,
      256.0,
      0.0,
      0.0,
      0.0,
      1.0,
      0.0,
      0.0,
      0.0,
      0.0,
      1.0
    ],
    "W2C": [
      -0.6438542384895136,
      -4.237153309361837e-17,
      0.765148168382496,
      5.714692519998152e-17,
      -0.2797368886149254,
      -0.9307727246080487,
      -0.23539203103280804,
      2.5975830622079598e-17,
      0.7121790454142338,
      -0.36559832483985705,
      0.5992819638093251,
      2.3713905144570306,
      0.0,
      0.0,
      0.0,
      1.0
    ],
    "img_size": [
      512,
      512
    ]
  },
  "rgb_000050.exr": {
    "K": [
      811.9282694049824,
      0.0,
      256.0,
      0.0,
      0.0,
      811.9282694049824,
      256.0,
      0.0,
      0.0,
      0.0,
      1.0,
      0.0,
      0.0,
      0.0,
      0.0,
      1.0
    ],
    "W2C": [
      0.5863215867214729,
      3.4939130522960863e-17,
      -0.8100783893824192,
      -8.522311313049662e-18,
      0.5263260471537019,
      -0.7601715912529816,
      0.38094624809737787,
      5.484527042856673e-16,
      -0.615798578296486,
      -0.6497223652083326,
      -0.4457050135640351,
      2.371390514457031,
      0.0,
      0.0,
      0.0,
      1.0
    ],
    "img_size": [
      512,
      512
    ]
  },
  "rgb_000051.exr": {
    "K": [
      811.9282694049824,
      0.0,
      256.0,
      0.0,
      0.0,
      811.9282694049824,
      256.0,
      0.0,
      0.0,
      0.0,
      1.0,
      0.0,
      0.0,
      0.0,
      0.0,
      1.0
    ],
    "W2C": [
      -0.4821662945154204,
      1.651175547735578e-17,
      0.8760797135154247,
      6.7406802777941634e-18,
      -0.36798196603605726,
      -0.9075090554594397,
      -0.20252552167900545,
      -2.747895472915345e-17,
      0.7950502733195598,
      -0.4200325157164804,
      0.4375702785100673,
      2.37139051445703,
      0.0,
      0.0,
      0.0,
      1.0
    ],
    "img_size": [
      512,
      512
    ]
  },
  "rgb_000052.exr": {
    "K": [
      811.9282694049824,
      0.0,
      256.0,
      0.0,
      0.0,
      811.9282694049824,
      256.0,
      0.0,
      0.0,
      0.0,
      1.0,
      0.0,
      0.0,
      0.0,
      0.0,
      1.0
    ],
    "W2C": [
      -0.1650910697160879,
      3.947659591444026e-18,
      0.986278327197753,
      -2.241862589408132e-17,
      -0.15386243150652318,
      -0.9877565727575451,
      -0.025754711125713654,
      4.7440097694393244e-18,
      0.9742029002578971,
      -0.15600305437480544,
      0.16306978921563994,
      2.3713905144570306,
      0.0,
      0.0,
      0.0,
      1.0
    ],
    "img_size": [
      512,
      512
    ]
  },
  "rgb_000053.exr": {
    "K": [
      811.9282694049824,
      0.0,
      256.0,
      0.0,
      0.0,
      811.9282694049824,
      256.0,
      0.0,
      0.0,
      0.0,
      1.0,
      0.0,
      0.0,
      0.0,
      0.0,
      1.0
    ],
    "W2C": [
      -0.3136389959566794,
      2.36033457553131e-17,
      -0.9495423003822874,
      -1.6452618170101525e-16,
      0.41937363544820355,
      -0.8971831342965216,
      -0.13852139699276386,
      2.0982192209709208e-16,
      -0.8519133372041098,
      -0.441658718394497,
      0.28139161743002766,
      2.37139051445703,
      0.0,
      0.0,
      0.0,
      1.0
    ],
    "img_size": [
      512,
      512
    ]
  },
  "rgb_000054.exr": {
    "K": [
      811.9282694049824,
      0.0,
      256.0,
      0.0,
      0.0,
      811.9282694049824,
      256.0,
      0.0,
      0.0,
      0.0,
      1.0,
      0.0,
      0.0,
      0.0,
      0.0,
      1.0
    ],
    "W2C": [
      -0.891810920928716,
      -1.940609314331956e-17,
      0.4524083126029797,
      3.048076970990554e-17,
      0.11207388936877917,
      -0.9688298020207811,
      0.22092591074414253,
      -4.0141773045368715e-18,
      0.4383066559317004,
      0.24772729909393146,
      0.8640129979633385,
      2.3713905144570306,
      0.0,
      0.0,
      0.0,
      1.0
    ],
    "img_size": [
      512,
      512
    ]
  },
  "rgb_000055.exr": {
    "K": [
      811.9282694049824,
      0.0,
      256.0,
      0.0,
      0.0,
      811.9282694049824,
      256.0,
      0.0,
      0.0,
      0.0,
      1.0,
      0.0,
      0.0,
      0.0,
      0.0,
      1.0
    ],
    "W2C": [
      0.4662471603553495,
      9.138879250709852e-17,
      0.8846545006162424,
      -2.871482371717747e-17,
      -0.46032352032458274,
      -0.8539575306061786,
      0.24260831098085092,
      -7.979922910362788e-17,
      0.7554573727858883,
      -0.5203427100680835,
      -0.3981552737091971,
      2.3713905144570306,
      0.0,
      0.0,
      0.0,
      1.0
    ],
    "img_size": [
      512,
      512
    ]
  },
  "rgb_000056.exr": {
    "K": [
      811.9282694049824,
      0.0,
      256.0,
      0.0,
      0.0,
      811.9282694049824,
      256.0,
      0.0,
      0.0,
      0.0,
      1.0,
      0.0,
      0.0,
      0.0,
      0.0,
      1.0
    ],
    "W2C": [
      -0.8821247960841092,
      -2.0470954126791258e-17,
      -0.4710157578399778,
      2.123005917001349e-16,
      0.271403079689748,
      -0.81730304214323,
      -0.5082874242378435,
      2.0456880154629348e-16,
      -0.3849626117800129,
      -0.5762080677180954,
      0.720963279389519,
      2.37139051445703,
      0.0,
      0.0,
      0.0,
      1.0
    ],
    "img_size": [
      512,
      512
    ]
  },
  "rgb_000057.exr": {
    "K": [
      811.9282694049824,
      0.0,
      256.0,
      0.0,
      0.0,
      811.9282694049824,
      256.0,
      0.0,
      0.0,
      0.0,
      1.0,
      0.0,
      0.0,
      0.0,
      0.0,
      1.0
    ],
    "W2C": [
      -0.9325539156056543,
      -7.467060170839266e-18,
      -0.36103073898016264,
      -1.5271669283271318e-16,
      -0.03707144695620713,
      -0.9947142084380992,
      0.09575673006081024,
      5.240907677021094e-17,
      -0.35912240574647447,
      0.10268224545346563,
      0.9276246299875284,
      2.371390514457031,
      0.0,
      0.0,
      0.0,
      1.0
    ],
